0.0, 100.0
0.0, 100.0
0.368, 99.0
1.355, 99.0
2.481, 99.0
3.384, 99.0
4.396, 99.0
5.387, 99.0
6.375, 99.0
7.432, 99.0
8.379, 99.0
9.412, 98.0
10.357, 98.0
11.415, 98.0
12.382, 98.0
13.396, 98.0
14.362, 98.0
15.375, 98.0
16.365, 98.0
17.422, 97.0
18.367, 97.0
19.402, 96.0
20.414, 96.0
21.383, 96.0
22.372, 95.0
23.385, 94.0
24.375, 94.0
25.431, 95.0
26.376, 96.0
27.367, 96.0
28.404, 96.0
29.415, 97.0
30.425, 99.0
31.395, 99.0
32.363, 99.0
33.375, 100.0
34.364, 101.0
35.379, 101.0
36.41, 101.0
37.402, 101.0
38.392, 102.0
39.383, 102.0
40.416, 102.0
41.361, 102.0
42.375, 102.0
43.363, 102.0
44.421, 102.0
45.456, 101.0
46.379, 101.0
47.368, 101.0
48.382, 101.0
49.37, 101.0
50.36, 100.0
51.419, 100.0
52.453, 100.0
53.421, 100.0
54.388, 100.0
55.4, 100.0
56.368, 100.0
57.395, 100.0
58.372, 100.0
59.361, 100.0
60.395, 100.0
61.363, 100.0
62.421, 99.0
63.387, 99.0
64.378, 99.0
65.368, 98.0
66.38, 98.0
67.436, 97.0
68.382, 97.0
69.373, 97.0
70.43, 97.0
71.398, 97.0
72.388, 97.0
73.377, 97.0
74.411, 97.0
75.379, 97.0
76.369, 97.0
77.373, 97.0
78.372, 98.0
79.361, 98.0
80.396, 98.0
81.431, 98.0
82.376, 98.0
83.412, 98.0
84.401, 98.0
85.391, 99.0
86.357, 100.0
87.459, 101.0
88.359, 101.0
89.373, 101.0
90.386, 103.0
91.399, 103.0
92.411, 103.0
93.378, 104.0
94.37, 105.0
95.38, 105.0
96.459, 105.0
97.361, 106.0
98.439, 107.0
99.386, 107.0
100.376, 107.0
101.388, 108.0
102.378, 108.0
103.366, 108.0
104.395, 108.0
105.369, 109.0
106.359, 110.0
107.395, 111.0
108.385, 111.0
109.397, 111.0
110.409, 113.0
111.376, 113.0
112.367, 113.0
113.38, 113.0
114.37, 113.0
115.358, 112.0
116.417, 112.0
117.386, 111.0
118.396, 110.0
119.385, 110.0
120.399, 110.0
121.365, 110.0
122.378, 111.0
123.368, 111.0
124.359, 111.0
125.415, 112.0
126.383, 112.0
127.397, 111.0
128.362, 111.0
129.375, 111.0
130.366, 111.0
131.445, 112.0
132.367, 112.0
133.425, 112.0
134.415, 113.0
135.406, 113.0
136.374, 113.0
137.386, 113.0
138.374, 113.0
139.433, 113.0
140.376, 113.0
141.411, 113.0
142.359, 113.0
143.394, 113.0
144.405, 113.0
145.395, 113.0
146.362, 112.0
147.397, 112.0
148.387, 112.0
149.4, 113.0
150.412, 113.0
151.424, 114.0
152.369, 114.0
153.382, 114.0
154.372, 115.0
155.362, 115.0
156.374, 115.0
157.41, 115.0
158.377, 115.0
159.389, 116.0
160.422, 116.0
161.393, 116.0
162.359, 116.0
163.372, 116.0
164.362, 116.0
165.373, 116.0
166.364, 117.0
167.378, 117.0
168.367, 117.0
169.423, 118.0
170.416, 118.0
171.381, 118.0
172.372, 118.0
173.363, 118.0
174.397, 118.0
175.362, 119.0
176.422, 119.0
177.411, 119.0
178.468, 119.0
179.37, 119.0
180.357, 119.0
181.37, 119.0
182.361, 118.0
183.373, 118.0
184.409, 118.0
185.375, 118.0
186.387, 117.0
187.421, 116.0
188.367, 116.0
189.38, 116.0
190.372, 115.0
191.36, 114.0
192.372, 114.0
193.361, 114.0
194.397, 113.0
195.389, 113.0
196.421, 113.0
197.369, 113.0
198.378, 113.0
199.37, 114.0
200.359, 114.0
201.372, 114.0
202.363, 115.0
203.397, 115.0
204.387, 115.0
205.422, 115.0
206.389, 116.0
207.379, 116.0
208.368, 116.0
209.359, 117.0
210.371, 117.0
211.361, 117.0
212.397, 117.0
213.432, 118.0
214.422, 119.0
215.411, 119.0
216.401, 119.0
217.391, 119.0
218.359, 119.0
219.371, 119.0
220.361, 119.0
221.374, 119.0
222.387, 119.0
223.49, 118.0
224.366, 118.0
225.377, 118.0
226.367, 117.0
227.358, 117.0
228.37, 117.0
229.361, 117.0
230.395, 117.0
231.386, 117.0
232.421, 117.0
233.388, 117.0
234.377, 116.0
235.368, 116.0
236.358, 116.0
237.37, 116.0
238.362, 116.0
239.419, 116.0
240.385, 116.0
241.42, 116.0
242.364, 116.0
243.377, 116.0
244.367, 116.0
245.38, 117.0
246.368, 117.0
247.361, 117.0
248.417, 117.0
249.408, 117.0
250.419, 117.0
251.432, 118.0
252.377, 118.0
253.367, 118.0
254.356, 119.0
255.458, 119.0
256.36, 119.0
257.396, 120.0
258.407, 120.0
259.42, 120.0
260.386, 120.0
261.376, 120.0
262.388, 121.0
263.357, 121.0
264.368, 121.0
265.472, 121.0
266.415, 122.0
267.385, 123.0
268.418, 123.0
269.362, 123.0
270.375, 123.0
271.433, 123.0
272.4, 123.0
273.368, 123.0
274.38, 123.0
275.371, 123.0
276.36, 123.0
277.418, 122.0
278.364, 122.0
279.375, 121.0
280.366, 121.0
281.468, 121.0
282.367, 121.0
283.38, 121.0
284.394, 121.0
285.383, 121.0
286.417, 120.0
287.36, 120.0
288.375, 120.0
289.364, 120.0
290.378, 120.0
291.367, 120.0
292.38, 120.0
293.37, 121.0
294.383, 122.0
295.417, 122.0
296.362, 122.0
297.375, 123.0
298.365, 124.0
299.467, 124.0
300.367, 124.0
301.38, 125.0
302.372, 125.0
303.405, 125.0
304.416, 125.0
305.362, 125.0
306.375, 124.0
307.41, 124.0
308.399, 124.0
309.411, 124.0
310.379, 125.0
311.368, 125.0
312.403, 125.0
313.463, 125.0
314.36, 125.0
315.373, 125.0
316.386, 125.0
317.376, 125.0
318.411, 126.0
319.403, 126.0
320.368, 126.0
321.358, 126.0
322.416, 126.0
323.384, 126.0
324.372, 126.0
325.365, 126.0
326.464, 126.0
327.365, 126.0
328.378, 125.0
329.369, 125.0
330.381, 126.0
331.415, 126.0
332.36, 126.0
333.373, 126.0
334.407, 126.0
335.421, 125.0
336.386, 125.0
337.379, 124.0
338.366, 124.0
339.357, 124.0
340.371, 124.0
341.36, 124.0
342.372, 124.0
343.409, 124.0
344.42, 124.0
345.365, 124.0
346.421, 124.0
347.39, 124.0
348.357, 124.0
349.437, 124.0
350.36, 123.0
351.371, 123.0
352.361, 123.0
353.375, 123.0
354.409, 124.0
355.377, 124.0
356.367, 124.0
357.379, 125.0
358.392, 125.0
359.381, 126.0
360.372, 126.0
361.361, 127.0
362.441, 127.0
363.499, 128.0
364.377, 128.0
365.367, 128.0
366.378, 129.0
367.369, 129.0
368.359, 129.0
369.417, 129.0
370.407, 129.0
371.373, 129.0
372.364, 129.0
373.375, 129.0
374.365, 129.0
375.379, 129.0
376.367, 129.0
377.359, 129.0
378.392, 129.0
379.405, 129.0
380.463, 129.0
381.364, 129.0
382.376, 129.0
383.367, 129.0
384.379, 129.0
385.367, 129.0
386.357, 129.0
387.393, 128.0
388.383, 128.0
389.373, 128.0
390.363, 127.0
391.397, 127.0
392.367, 126.0
393.376, 126.0
394.367, 125.0
395.447, 125.0
396.414, 125.0
397.36, 124.0
398.395, 123.0
399.384, 122.0
400.398, 122.0
401.385, 122.0
402.377, 121.0
403.367, 121.0
404.424, 121.0
405.392, 120.0
406.403, 119.0
407.394, 118.0
408.363, 117.0
409.396, 117.0
410.364, 116.0
411.374, 116.0
412.367, 115.0
413.424, 114.0
414.415, 113.0
415.358, 112.0
416.396, 111.0
417.385, 111.0
418.375, 112.0
419.365, 113.0
420.376, 113.0
421.389, 113.0
422.424, 112.0
423.414, 111.0
424.381, 111.0
425.393, 109.0
426.361, 106.0
427.374, 105.0
428.363, 105.0
429.42, 104.0
430.366, 101.0
431.447, 101.0
432.413, 101.0
433.381, 101.0
434.393, 100.0
435.384, 100.0
436.372, 100.0
437.364, 100.0
438.375, 100.0
439.388, 100.0
440.422, 99.0
441.39, 99.0
442.403, 98.0
443.429, 98.0
444.405, 98.0
445.372, 98.0
446.387, 97.0
447.376, 97.0
448.432, 97.0
449.445, 97.0
450.39, 97.0
451.38, 97.0
452.392, 97.0
453.36, 96.0
454.395, 96.0
455.362, 96.0
456.376, 96.0
457.386, 97.0
458.424, 97.0
459.39, 97.0
460.378, 97.0
461.368, 97.0
462.36, 98.0
463.371, 98.0
464.361, 98.0
465.376, 99.0
466.365, 99.0
467.421, 99.0
468.412, 99.0
469.402, 99.0
470.371, 99.0
471.36, 99.0
472.372, 99.0
473.361, 99.0
474.374, 99.0
475.365, 99.0
476.42, 98.0
477.366, 98.0
478.378, 97.0
479.393, 97.0
480.36, 97.0
481.393, 96.0
482.359, 96.0
483.373, 97.0
484.386, 97.0
485.42, 97.0
486.41, 97.0
487.378, 97.0
488.367, 97.0
489.402, 96.0
490.371, 96.0
491.359, 96.0
492.395, 95.0
493.408, 95.0
494.444, 94.0
495.366, 94.0
496.377, 93.0
497.367, 92.0
498.382, 91.0
499.393, 90.0
500.362, 90.0
501.374, 90.0
502.385, 89.0
503.42, 89.0
504.365, 89.0
505.377, 89.0
506.366, 89.0
507.357, 89.0
508.392, 89.0
509.362, 90.0
510.417, 91.0
511.383, 91.0
512.42, 92.0
513.364, 93.0
514.379, 93.0
515.367, 93.0
516.381, 94.0
517.392, 94.0
518.36, 94.0
519.397, 94.0
520.408, 94.0
521.418, 94.0
522.386, 94.0
523.376, 94.0
524.368, 94.0
525.468, 93.0
526.369, 93.0
527.38, 92.0
528.417, 92.0
529.405, 91.0
530.44, 91.0
531.386, 90.0
532.378, 90.0
533.365, 90.0
534.377, 90.0
535.367, 90.0
536.357, 90.0
537.371, 90.0
538.383, 91.0
539.417, 92.0
540.386, 93.0
541.373, 94.0
542.431, 95.0
543.375, 97.0
544.366, 98.0
545.357, 100.0
546.392, 100.0
547.384, 101.0
548.417, 100.0
549.408, 100.0
550.375, 99.0
551.364, 98.0
552.375, 98.0
553.369, 98.0
554.358, 97.0
555.392, 96.0
556.404, 95.0
557.417, 94.0
558.361, 93.0
559.374, 93.0
560.366, 93.0
561.376, 94.0
562.366, 94.0
563.402, 94.0
564.369, 95.0
565.382, 95.0
566.418, 97.0
567.362, 97.0
568.375, 98.0
569.364, 99.0
570.377, 100.0
571.368, 100.0
572.403, 100.0
573.414, 100.0
574.383, 100.0
575.416, 100.0
576.373, 100.0
577.373, 99.0
578.363, 99.0
579.377, 99.0
580.366, 99.0
581.378, 98.0
582.415, 97.0
583.38, 97.0
584.416, 96.0
585.383, 95.0
586.373, 95.0
587.364, 94.0
588.375, 94.0
589.365, 94.0
590.401, 94.0
591.369, 94.0
592.38, 94.0
593.439, 95.0
594.396, 95.0
595.373, 95.0
596.362, 95.0
597.375, 95.0
598.39, 95.0
599.378, 95.0
600.39, 94.0
601.357, 93.0
602.417, 93.0
603.359, 93.0
604.372, 93.0
605.362, 93.0
606.398, 93.0
607.366, 92.0
608.378, 92.0
609.368, 92.0
610.379, 92.0
611.428, 92.0
612.36, 93.0
613.416, 93.0
614.361, 94.0
615.398, 94.0
616.409, 94.0
617.377, 94.0
618.389, 94.0
619.381, 94.0
620.413, 94.0
621.359, 93.0
622.372, 94.0
623.385, 94.0
624.463, 94.0
625.362, 95.0
626.376, 95.0
627.391, 95.0
628.401, 96.0
629.415, 97.0
630.448, 97.0
631.37, 97.0
632.404, 98.0
633.464, 98.0
634.362, 98.0
635.422, 98.0
636.422, 98.0
637.379, 99.0
638.415, 99.0
639.358, 100.0
640.393, 101.0
641.404, 103.0
642.396, 104.0
643.363, 105.0
644.421, 105.0
645.41, 105.0
646.444, 104.0
647.413, 104.0
648.381, 103.0
649.372, 103.0
650.359, 102.0
651.395, 102.0
652.364, 101.0
653.374, 100.0
654.364, 98.0
655.376, 97.0
656.412, 97.0
657.382, 96.0
658.369, 96.0
659.361, 96.0
660.393, 96.0
661.364, 96.0
662.419, 95.0
663.386, 95.0
664.378, 95.0
665.411, 95.0
666.381, 96.0
667.391, 96.0
668.359, 96.0
669.461, 97.0
670.385, 99.0
671.375, 100.0
672.364, 101.0
673.376, 101.0
674.412, 102.0
675.378, 103.0
676.369, 104.0
677.359, 105.0
678.393, 105.0
679.36, 107.0
680.464, 109.0
681.363, 110.0
682.399, 111.0
683.48, 112.0
684.378, 113.0
685.368, 114.0
686.359, 115.0
687.393, 115.0
688.406, 115.0
689.373, 116.0
690.364, 117.0
691.377, 118.0
692.409, 118.0
693.378, 119.0
694.368, 120.0
695.358, 120.0
696.46, 121.0
697.36, 121.0
698.396, 122.0
699.407, 122.0
700.373, 122.0
701.409, 122.0
702.378, 122.0
703.391, 122.0
704.402, 122.0
705.46, 122.0
706.36, 123.0
707.395, 123.0
708.386, 123.0
709.375, 124.0
710.409, 124.0
711.378, 124.0
712.39, 125.0
713.403, 125.0
714.437, 125.0
715.404, 125.0
716.394, 125.0
717.383, 126.0
718.374, 126.0
719.409, 126.0
720.401, 126.0
721.412, 126.0
722.4, 127.0
723.37, 127.0
724.38, 127.0
725.393, 127.0
726.361, 127.0
727.42, 127.0
728.408, 128.0
729.399, 128.0
730.368, 128.0
731.4, 128.0
732.391, 129.0
733.358, 129.0
734.372, 129.0
735.383, 129.0
736.373, 129.0
737.408, 129.0
738.398, 129.0
739.388, 129.0
740.401, 129.0
741.391, 129.0
742.359, 129.0
743.371, 129.0
744.36, 129.0
745.44, 129.0
746.43, 130.0
747.398, 130.0
748.41, 130.0
749.379, 130.0
750.368, 130.0
751.381, 130.0
752.369, 130.0
753.36, 130.0
754.372, 131.0
755.408, 131.0
756.397, 131.0
757.387, 131.0
758.399, 131.0
759.368, 131.0
760.379, 131.0
761.369, 131.0
762.381, 131.0
763.394, 131.0
764.406, 131.0
765.419, 131.0
766.41, 131.0
767.398, 131.0
768.389, 132.0
769.38, 132.0
770.392, 132.0
771.359, 132.0
772.371, 132.0
773.406, 132.0
774.419, 132.0
775.363, 132.0
776.421, 132.0
777.367, 132.0
778.379, 132.0
779.368, 132.0
780.383, 132.0
781.371, 132.0
782.429, 132.0
783.396, 132.0
784.386, 132.0
785.399, 132.0
786.388, 132.0
787.378, 132.0
788.368, 132.0
789.38, 132.0
790.372, 132.0
791.406, 132.0
792.396, 132.0
793.387, 132.0
794.397, 131.0
795.454, 131.0
796.4, 131.0
797.37, 130.0
798.381, 130.0
799.37, 129.0
800.405, 129.0
801.372, 129.0
802.407, 128.0
803.397, 128.0
804.367, 128.0
805.377, 128.0
806.367, 128.0
807.381, 128.0
808.369, 128.0
809.426, 128.0
810.395, 127.0
811.385, 127.0
812.419, 127.0
813.387, 127.0
814.377, 127.0
815.367, 127.0
816.38, 128.0
817.369, 128.0
818.426, 128.0
819.438, 128.0
820.384, 128.0
821.373, 128.0
822.389, 128.0
823.376, 128.0
824.367, 128.0
825.424, 128.0
826.369, 127.0
827.426, 127.0
828.393, 127.0
829.407, 127.0
830.464, 128.0
831.363, 128.0
832.377, 128.0
833.366, 128.0
834.378, 128.0
835.437, 128.0
836.404, 128.0
837.394, 128.0
838.36, 127.0
839.465, 127.0
840.364, 127.0
841.375, 127.0
842.367, 127.0
843.4, 127.0
844.413, 126.0
845.404, 126.0
846.393, 126.0
847.383, 125.0
848.395, 125.0
849.365, 124.0
850.397, 124.0
851.364, 125.0
852.376, 125.0
853.391, 125.0
854.403, 125.0
855.394, 125.0
856.382, 125.0
857.373, 126.0
858.361, 127.0
859.374, 127.0
860.364, 127.0
861.4, 127.0
862.367, 127.0
863.402, 127.0
864.393, 127.0
865.36, 127.0
866.395, 127.0
867.363, 127.0
868.375, 127.0
869.365, 127.0
870.376, 127.0
871.433, 126.0
872.402, 126.0
873.414, 126.0
874.359, 126.0
875.371, 125.0
876.45, 125.0
877.397, 125.0
878.363, 125.0
879.4, 125.0
880.388, 125.0
881.402, 125.0
882.414, 125.0
883.382, 125.0
884.371, 126.0
885.361, 126.0
886.374, 126.0
887.364, 126.0
888.397, 126.0
889.413, 127.0
890.401, 128.0
891.367, 128.0
892.381, 129.0
893.394, 129.0
894.383, 130.0
895.372, 130.0
896.365, 130.0
897.375, 131.0
898.41, 131.0
899.4, 131.0
900.368, 131.0
901.38, 131.0
902.371, 132.0
903.36, 132.0
904.372, 132.0
905.364, 132.0
906.42, 133.0
907.365, 133.0
908.377, 133.0
909.369, 133.0
910.402, 133.0
911.371, 133.0
912.383, 133.0
913.372, 133.0
914.362, 133.0
915.397, 133.0
916.41, 133.0
917.401, 133.0
918.39, 133.0
919.38, 133.0
920.37, 134.0
921.36, 134.0
922.372, 134.0
923.452, 134.0
924.397, 134.0
925.409, 134.0
926.4, 134.0
927.389, 134.0
928.379, 134.0
929.391, 134.0
930.359, 134.0
931.372, 134.0
932.362, 133.0
933.397, 133.0
934.409, 133.0
935.375, 133.0
936.366, 133.0
937.378, 133.0
938.369, 133.0
939.359, 133.0
940.371, 133.0
941.36, 132.0
942.373, 132.0
943.385, 132.0
944.376, 131.0
945.41, 131.0
946.377, 131.0
947.369, 131.0
948.448, 130.0
949.37, 130.0
950.383, 130.0
951.395, 130.0
952.363, 130.0
953.376, 130.0
954.367, 130.0
955.377, 130.0
956.39, 130.0
957.449, 130.0
958.415, 131.0
959.405, 131.0
960.416, 131.0
961.362, 131.0
962.412, 132.0
963.364, 132.0
964.377, 133.0
965.367, 133.0
966.424, 133.0
967.391, 133.0
968.381, 134.0
969.372, 134.0
970.384, 134.0
971.375, 134.0
972.364, 135.0
973.377, 135.0
974.367, 136.0
975.424, 136.0
976.392, 136.0
977.382, 137.0
978.395, 137.0
979.386, 137.0
980.395, 138.0
981.362, 138.0
982.421, 138.0
983.366, 139.0
984.423, 139.0
985.393, 139.0
986.404, 139.0
987.371, 139.0
988.384, 139.0
989.374, 139.0
990.386, 139.0
991.377, 139.0
992.366, 139.0
993.423, 139.0
994.39, 139.0
995.407, 139.0
996.392, 140.0
997.406, 140.0
998.372, 140.0
999.363, 140.0
1000.42, 140.0
1001.366, 140.0
1002.423, 140.0
1003.39, 140.0
1004.379, 141.0
1005.372, 141.0
1006.382, 141.0
1007.372, 141.0
1008.363, 141.0
1009.421, 142.0
1010.365, 142.0
1011.423, 142.0
1012.389, 142.0
1013.403, 142.0
1014.37, 142.0
1015.383, 142.0
1016.372, 142.0
1017.362, 142.0
1018.376, 142.0
1019.365, 142.0
1020.422, 142.0
1021.389, 142.0
1022.38, 142.0
1023.369, 142.0
1024.407, 141.0
1025.373, 141.0
1026.383, 141.0
1027.376, 141.0
1028.387, 141.0
1029.444, 141.0
1030.389, 141.0
1031.38, 141.0
1032.415, 141.0
1033.359, 141.0
1034.394, 141.0
1035.363, 140.0
1036.373, 140.0
1037.365, 139.0
1038.42, 139.0
1039.388, 139.0
1040.424, 139.0
1041.369, 139.0
1042.38, 139.0
1043.37, 139.0
1044.361, 139.0
1045.373, 139.0
1046.363, 139.0
1047.42, 140.0
1048.389, 140.0
1049.38, 140.0
1050.391, 140.0
1051.403, 140.0
1052.371, 140.0
1053.361, 141.0
1054.418, 141.0
1055.364, 141.0
1056.42, 142.0
1057.412, 142.0
1058.399, 142.0
1059.412, 142.0
1060.38, 143.0
1061.392, 143.0
1062.359, 143.0
1063.372, 143.0
1064.362, 143.0
1065.42, 142.0
1066.363, 141.0
1067.377, 141.0
1068.367, 140.0
1069.423, 139.0
1070.368, 139.0
1071.359, 138.0
1072.507, 138.0
1073.385, 138.0
1074.42, 138.0
1075.363, 138.0
1076.4, 138.0
1077.367, 138.0
1078.38, 137.0
1079.369, 137.0
1080.359, 137.0
1081.416, 137.0
1082.362, 137.0
1083.418, 137.0
1084.363, 137.0
1085.398, 137.0
1086.367, 137.0
1087.379, 137.0
1088.369, 138.0
1089.427, 138.0
1090.506, 138.0
1091.404, 138.0
1092.464, 139.0
1093.365, 139.0
1094.375, 139.0
1095.368, 139.0
1096.379, 139.0
1097.368, 139.0
1098.402, 139.0
1099.371, 139.0
1100.382, 139.0
1101.419, 139.0
1102.363, 139.0
1103.399, 138.0
1104.366, 138.0
1105.377, 138.0
1106.412, 138.0
1107.45, 138.0
1108.416, 138.0
1109.428, 138.0
1110.417, 138.0
1111.386, 138.0
1112.376, 137.0
1113.387, 137.0
1114.377, 137.0
1115.368, 137.0
1116.38, 137.0
1117.391, 137.0
1118.405, 138.0
1119.417, 138.0
1120.384, 138.0
1121.374, 139.0
1122.364, 139.0
1123.467, 139.0
1124.367, 140.0
1125.402, 140.0
1126.369, 140.0
1127.405, 140.0
1128.461, 140.0
1129.383, 140.0
1130.375, 141.0
1131.364, 141.0
1132.375, 141.0
1133.389, 142.0
1134.423, 142.0
1135.437, 142.0
1136.403, 143.0
1137.415, 143.0
1138.383, 143.0
1139.376, 143.0
1140.366, 143.0
1141.397, 143.0
1142.412, 143.0
1143.424, 143.0
1144.414, 143.0
1145.404, 143.0
1146.417, 143.0
1147.36, 143.0
1148.373, 143.0
1149.387, 143.0
1150.377, 143.0
1151.365, 143.0
1152.447, 144.0
1153.413, 144.0
1154.38, 144.0
1155.46, 144.0
1156.36, 144.0
1157.372, 144.0
1158.43, 144.0
1159.375, 144.0
1160.378, 145.0
1161.4, 145.0
1162.411, 145.0
1163.381, 145.0
1164.415, 145.0
1165.359, 145.0
1166.394, 145.0
1167.384, 145.0
1168.375, 145.0
1169.364, 145.0
1170.399, 145.0
1171.389, 146.0
1172.423, 146.0
1173.416, 146.0
1174.36, 146.0
1175.372, 147.0
1176.407, 147.0
1177.374, 147.0
1178.364, 147.0
1179.399, 147.0
1180.366, 147.0
1181.379, 147.0
1182.415, 147.0
1183.381, 147.0
1184.372, 147.0
1185.362, 147.0
1186.464, 147.0
1187.386, 147.0
1188.398, 147.0
1189.389, 147.0
1190.402, 147.0
1191.436, 147.0
1192.404, 148.0
1193.372, 148.0
1194.361, 148.0
1195.395, 148.0
1196.363, 149.0
1197.398, 149.0
1198.388, 149.0
1199.38, 149.0
1200.461, 149.0
1201.381, 149.0
1202.37, 149.0
1203.36, 149.0
1204.508, 149.0
1205.385, 149.0
1206.421, 149.0
1207.366, 149.0
1208.377, 149.0
1209.413, 149.0
1210.38, 149.0
1211.37, 149.0
1212.407, 149.0
1213.462, 149.0
1214.363, 149.0
1215.421, 149.0
1216.387, 148.0
1217.377, 148.0
1218.411, 148.0
1219.379, 148.0
1220.37, 148.0
1221.382, 147.0
1222.461, 147.0
1223.364, 147.0
1224.418, 146.0
1225.387, 145.0
1226.377, 145.0
1227.433, 144.0
1228.379, 144.0
1229.481, 143.0
1230.428, 143.0
1231.371, 143.0
1232.361, 142.0
1233.396, 142.0
1234.386, 142.0
1235.377, 142.0
1236.455, 141.0
1237.377, 141.0
1238.368, 141.0
1239.425, 141.0
1240.393, 141.0
1241.361, 141.0
1242.397, 141.0
1243.454, 141.0
1244.376, 141.0
1245.411, 141.0
1246.379, 142.0
1247.369, 142.0
1248.403, 142.0
1249.393, 143.0
1250.361, 143.0
1251.373, 143.0
1252.364, 144.0
1253.398, 144.0
1254.433, 144.0
1255.378, 144.0
1256.369, 144.0
1257.425, 144.0
1258.392, 144.0
1259.382, 144.0
1260.395, 144.0
1261.361, 144.0
1262.375, 144.0
1263.432, 144.0
1264.378, 144.0
1265.369, 144.0
1266.426, 144.0
1267.393, 144.0
1268.36, 145.0
1269.373, 145.0
1270.386, 145.0
1271.374, 145.0
1272.412, 145.0
1273.399, 145.0
1274.413, 145.0
1275.425, 145.0
1276.392, 145.0
1277.404, 144.0
1278.372, 144.0
1279.383, 143.0
1280.376, 143.0
1281.409, 143.0
1282.376, 143.0
1283.367, 143.0
1284.401, 143.0
1285.391, 143.0
1286.403, 143.0
1287.393, 143.0
1288.361, 143.0
1289.396, 143.0
1290.431, 143.0
1291.376, 144.0
1292.367, 144.0
1293.424, 144.0
1294.459, 144.0
1295.381, 144.0
1296.37, 145.0
1297.383, 145.0
1298.374, 145.0
1299.408, 145.0
1300.42, 146.0
1301.388, 146.0
1302.38, 146.0
1303.39, 145.0
1304.381, 145.0
1305.46, 145.0
1306.406, 145.0
1307.441, 145.0
1308.408, 143.0
1309.397, 142.0
1310.365, 142.0
1311.4, 141.0
1312.457, 142.0
1313.381, 142.0
1314.369, 142.0
1315.36, 142.0
1316.371, 142.0
1317.432, 142.0
1318.375, 142.0
1319.388, 142.0
1320.378, 142.0
1321.389, 142.0
1322.404, 142.0
1323.436, 143.0
1324.383, 143.0
1325.372, 143.0
1326.362, 143.0
1327.376, 144.0
1328.388, 144.0
1329.399, 145.0
1330.367, 145.0
1331.4, 146.0
1332.37, 146.0
1333.381, 147.0
1334.44, 147.0
1335.429, 147.0
1336.375, 147.0
1337.432, 147.0
1338.42, 148.0
1339.367, 148.0
1340.401, 148.0
1341.369, 148.0
1342.382, 148.0
1343.394, 148.0
1344.405, 148.0
1345.373, 148.0
1346.387, 148.0
1347.4, 147.0
1348.367, 147.0
1349.378, 147.0
1350.391, 147.0
1351.382, 147.0
1352.393, 148.0
1353.405, 148.0
1354.419, 148.0
1355.431, 148.0
1356.397, 148.0
1357.388, 149.0
1358.378, 149.0
1359.368, 149.0
1360.381, 149.0
1361.372, 149.0
1362.406, 150.0
1363.394, 150.0
1364.385, 150.0
1365.376, 150.0
1366.366, 150.0
1367.377, 150.0
1368.412, 151.0
1369.381, 151.0
1370.393, 151.0
1371.404, 151.0
1372.395, 151.0
1373.429, 151.0
1374.419, 151.0
1375.387, 151.0
1376.399, 151.0
1377.389, 151.0
1378.423, 152.0
1379.369, 152.0
1380.404, 152.0
1381.441, 152.0
1382.385, 152.0
1383.373, 152.0
1384.387, 152.0
1385.376, 152.0
1386.367, 152.0
1387.447, 152.0
1388.37, 152.0
1389.449, 152.0
1390.394, 152.0
1391.383, 152.0
1392.397, 151.0
1393.386, 151.0
1394.376, 151.0
1395.387, 150.0
1396.447, 150.0
1397.414, 149.0
1398.403, 149.0
1399.416, 149.0
1400.383, 149.0
1401.374, 148.0
1402.362, 147.0
1403.377, 147.0
1404.365, 147.0
1405.4, 146.0
1406.413, 146.0
1407.403, 146.0
1408.416, 146.0
1409.383, 146.0
1410.44, 146.0
1411.362, 147.0
1412.375, 147.0
1413.366, 147.0
1414.378, 148.0
1415.39, 148.0
1416.404, 148.0
1417.37, 149.0
1418.381, 149.0
1419.373, 149.0
1420.452, 150.0
1421.398, 150.0
1422.365, 151.0
1423.378, 151.0
1424.368, 151.0
1425.424, 152.0
1426.369, 152.0
1427.382, 152.0
1428.372, 153.0
1429.362, 153.0
1430.374, 153.0
1431.365, 153.0
1432.399, 153.0
1433.412, 154.0
1434.401, 154.0
1435.394, 154.0
1436.381, 154.0
1437.372, 154.0
1438.361, 154.0
1439.374, 154.0
1440.363, 153.0
1441.399, 153.0
1442.367, 153.0
1443.402, 153.0
1444.368, 153.0
1445.381, 153.0
1446.372, 153.0
1447.362, 153.0
1448.374, 153.0
1449.363, 153.0
1450.378, 153.0
1451.388, 153.0
1452.4, 153.0
1453.369, 153.0
1454.38, 153.0
1455.394, 153.0
1456.384, 153.0
1457.394, 153.0
1458.364, 153.0
1459.42, 153.0
1460.41, 153.0
1461.401, 153.0
1462.435, 152.0
1463.379, 152.0
1464.371, 152.0
1465.36, 151.0
1466.372, 151.0
1467.407, 151.0
1468.399, 151.0
1469.431, 151.0
1470.378, 151.0
1471.39, 151.0
1472.402, 151.0
1473.37, 150.0
1474.449, 150.0
1475.371, 150.0
1476.362, 150.0
1477.396, 149.0
1478.388, 149.0
1479.399, 149.0
1480.39, 149.0
1481.381, 149.0
1482.391, 148.0
1483.382, 148.0
1484.372, 148.0
1485.362, 149.0
1486.397, 149.0
1487.41, 149.0
1488.399, 149.0
1489.413, 149.0
1490.379, 149.0
1491.414, 150.0
1492.381, 150.0
1493.372, 150.0
1494.406, 150.0
1495.419, 150.0
1496.388, 150.0
1497.399, 150.0
1498.412, 151.0
1499.401, 151.0
1500.369, 151.0
1501.383, 151.0
1502.371, 151.0
1503.361, 151.0
1504.395, 151.0
1505.408, 151.0
1506.398, 151.0
1507.368, 151.0
1508.378, 151.0
1509.393, 151.0
1510.381, 150.0
1511.371, 150.0
1512.36, 150.0
1513.395, 150.0
1514.385, 150.0
1515.397, 150.0
1516.366, 150.0
1517.401, 150.0
1518.367, 150.0
1519.449, 150.0
1520.439, 150.0
1521.383, 150.0
1522.373, 150.0
1523.364, 150.0
1524.419, 150.0
1525.365, 150.0
1526.378, 150.0
1527.367, 150.0
1528.447, 150.0
1529.416, 150.0
1530.383, 150.0
1531.371, 150.0
1532.363, 150.0
1533.396, 150.0
1534.387, 150.0
1535.422, 150.0
1536.366, 150.0
1537.447, 150.0
1538.416, 150.0
1539.405, 150.0
1540.37, 150.0
1541.383, 150.0
1542.398, 150.0
1543.364, 150.0
1544.376, 150.0
1545.367, 150.0
1546.448, 150.0
1547.392, 150.0
1548.404, 150.0
1549.372, 149.0
1550.361, 149.0
1551.397, 149.0
1552.363, 148.0
1553.376, 148.0
1554.389, 148.0
1555.379, 148.0
1556.435, 147.0
1557.382, 147.0
1558.371, 146.0
1559.384, 146.0
1560.397, 146.0
1561.365, 145.0
1562.376, 145.0
1563.379, 144.0
1564.445, 144.0
1565.413, 143.0
1566.403, 143.0
1567.392, 143.0
1568.428, 143.0
1569.439, 143.0
1570.364, 142.0
1571.377, 142.0
1572.409, 141.0
1573.446, 140.0
1574.369, 138.0
1575.38, 137.0
1576.371, 137.0
1577.496, 136.0
1578.396, 136.0
1579.362, 135.0
1580.375, 135.0
1581.365, 135.0
1582.469, 135.0
1583.412, 135.0
1584.38, 135.0
1585.369, 134.0
1586.405, 134.0
1587.396, 133.0
1588.386, 132.0
1589.375, 132.0
1590.365, 131.0
1591.444, 131.0
1592.39, 131.0
1593.38, 131.0
1594.392, 131.0
1595.382, 131.0
1596.393, 131.0
1597.361, 131.0
1598.388, 130.0
1599.363, 130.0
1600.444, 130.0
1601.388, 129.0
1602.379, 129.0
1603.392, 128.0
1604.381, 129.0
1605.393, 129.0
1606.36, 129.0
1607.376, 129.0
1608.364, 128.0
1609.443, 128.0
1610.411, 128.0
1611.378, 127.0
1612.39, 126.0
1613.383, 125.0
1614.394, 124.0
1615.383, 124.0
1616.375, 124.0
1617.362, 124.0
1618.42, 124.0
1619.434, 124.0
1620.401, 124.0
1621.412, 123.0
1622.381, 123.0
1623.372, 123.0
1624.383, 122.0
1625.373, 121.0
1626.363, 121.0
1627.4, 120.0
1628.411, 119.0
1629.424, 118.0
1630.412, 118.0
1631.379, 116.0
1632.372, 114.0
1633.383, 114.0
1634.372, 113.0
1635.363, 113.0
1636.376, 114.0
1637.388, 114.0
1638.378, 115.0
1639.412, 115.0
1640.379, 116.0
1641.371, 116.0
1642.427, 117.0
1643.396, 117.0
1644.362, 117.0
1645.374, 117.0
1646.387, 117.0
1647.377, 117.0
1648.434, 116.0
1649.38, 115.0
1650.394, 115.0
1651.427, 114.0
1652.461, 114.0
1653.36, 113.0
1654.396, 113.0
1655.363, 112.0
1656.376, 112.0
1657.434, 111.0
1658.38, 111.0
1659.369, 111.0
1660.426, 112.0
1661.372, 112.0
1662.428, 112.0
1663.397, 113.0
1664.364, 115.0
1665.377, 116.0
1666.41, 116.0
1667.379, 116.0
1668.368, 116.0
1669.405, 115.0
1670.461, 115.0
1671.406, 115.0
1672.373, 115.0
1673.363, 115.0
1674.4, 114.0
1675.41, 114.0
1676.4, 113.0
1677.414, 112.0
1678.427, 112.0
1679.392, 112.0
1680.407, 111.0
1681.372, 111.0
1682.421, 111.0
1683.376, 110.0
1684.479, 110.0
1685.379, 110.0
1686.367, 110.0
1687.425, 109.0
1688.369, 109.0
1689.406, 109.0
1690.373, 109.0
1691.385, 109.0
1692.375, 109.0
1693.386, 109.0
1694.399, 110.0
1695.368, 110.0
1696.424, 111.0
1697.37, 111.0
1698.404, 112.0
1699.395, 112.0
1700.362, 111.0
1701.374, 111.0
1702.454, 111.0
1703.376, 110.0
1704.367, 110.0
1705.402, 110.0
1706.392, 110.0
1707.38, 110.0
1708.393, 111.0
1709.385, 111.0
1710.397, 112.0
1711.408, 112.0
1712.378, 112.0
1713.367, 112.0
1714.403, 112.0
1715.458, 111.0
1716.38, 110.0
1717.37, 109.0
1718.383, 109.0
1719.398, 108.0
1720.432, 107.0
1721.398, 106.0
1722.364, 108.0
1723.4, 109.0
1724.39, 110.0
1725.404, 110.0
1726.371, 110.0
1727.384, 111.0
1728.373, 110.0
1729.43, 110.0
1730.376, 109.0
1731.388, 109.0
1732.4, 108.0
1733.37, 108.0
1734.424, 108.0
1735.395, 108.0
1736.383, 108.0
1737.374, 107.0
1738.407, 108.0
1739.376, 108.0
1740.388, 107.0
1741.398, 107.0
1742.458, 106.0
1743.379, 105.0
1744.392, 105.0
1745.381, 105.0
1746.372, 105.0
1747.474, 105.0
1748.373, 105.0
1749.366, 105.0
1750.399, 105.0
1751.456, 105.0
1752.379, 105.0
1753.459, 104.0
1754.404, 103.0
1755.372, 102.0
1756.429, 102.0
1757.395, 101.0
1758.386, 101.0
1759.376, 100.0
1760.365, 101.0
1761.468, 101.0
1762.392, 102.0
1763.382, 102.0
1764.373, 103.0
1765.406, 104.0
1766.44, 105.0
1767.409, 105.0
1768.376, 105.0
1769.388, 105.0
1770.377, 105.0
1771.37, 105.0
1772.425, 105.0
1773.392, 105.0
1774.43, 106.0
1775.441, 106.0
1776.385, 106.0
1777.376, 106.0
1778.39, 106.0
1779.379, 106.0
1780.37, 107.0
1781.425, 107.0
1782.37, 107.0
1783.429, 107.0
1784.441, 106.0
1785.407, 106.0
1786.399, 106.0
1787.455, 106.0
1788.377, 106.0
1789.367, 106.0
1790.403, 107.0
1791.371, 108.0
1792.45, 107.0
1793.393, 106.0
1794.384, 107.0
1795.374, 108.0
1796.389, 108.0
1797.399, 108.0
1798.366, 108.0
1799.379, 109.0
1800.413, 110.0
1801.428, 110.0
1802.417, 110.0
1803.407, 110.0
1804.418, 110.0
1805.363, 110.0
1806.377, 110.0
1807.389, 110.0
1808.378, 109.0
1809.369, 109.0
1810.406, 108.0
1811.393, 107.0
1812.407, 108.0
1813.373, 108.0
1814.363, 108.0
1815.377, 109.0
1816.366, 109.0
1817.378, 109.0
1818.369, 109.0
1819.403, 109.0
1820.37, 109.0
1821.427, 108.0
1822.374, 108.0
1823.364, 107.0
1824.376, 107.0
1825.387, 106.0
1826.378, 106.0
1827.368, 106.0
1828.404, 106.0
1829.393, 106.0
1830.383, 106.0
1831.395, 107.0
1832.362, 106.0
1833.376, 106.0
1834.41, 105.0
1835.445, 105.0
1836.367, 104.0
1837.425, 103.0
1838.393, 103.0
1839.381, 103.0
1840.374, 103.0
1841.384, 104.0
1842.375, 105.0
1843.366, 106.0
1844.376, 106.0
1845.366, 107.0
1846.403, 107.0
1847.391, 107.0
1848.404, 107.0
1849.372, 107.0
1850.451, 106.0
1851.397, 106.0
1852.386, 106.0
1853.377, 106.0
1854.367, 106.0
1855.423, 106.0
1856.394, 106.0
1857.405, 106.0
1858.394, 106.0
1859.384, 105.0
1860.375, 105.0
1861.366, 105.0
1862.376, 105.0
1863.367, 105.0
1864.4, 104.0
1865.437, 104.0
1866.381, 104.0
1867.394, 104.0
1868.451, 104.0
1869.419, 105.0
1870.365, 106.0
1871.376, 107.0
1872.387, 107.0
1873.401, 107.0
1874.369, 108.0
1875.38, 109.0
1876.371, 109.0
1877.384, 108.0
1878.374, 108.0
1879.363, 107.0
1880.42, 106.0
1881.365, 106.0
1882.481, 106.0
1883.412, 106.0
1884.403, 106.0
1885.415, 106.0
1886.385, 106.0
1887.396, 106.0
1888.363, 106.0
1889.396, 106.0
1890.389, 105.0
1891.4, 105.0
1892.369, 105.0
1893.403, 106.0
1894.369, 106.0
1895.382, 106.0
1896.374, 107.0
1897.407, 108.0
1898.442, 108.0
1899.387, 108.0
1900.4, 108.0
1901.367, 107.0
1902.404, 107.0
1903.369, 106.0
1904.381, 106.0
1905.371, 105.0
1906.405, 105.0
1907.442, 105.0
1908.364, 105.0
1909.375, 105.0
1910.366, 105.0
1911.401, 105.0
1912.371, 105.0
1913.381, 105.0
1914.372, 105.0
1915.384, 105.0
1916.419, 103.0
1917.409, 102.0
1918.398, 102.0
1919.366, 102.0
1920.379, 101.0
1921.369, 101.0
1922.448, 102.0
1923.37, 102.0
1924.428, 102.0
1925.398, 102.0
1926.385, 103.0
1927.421, 103.0
1928.388, 103.0
1929.402, 102.0
1930.391, 102.0
1931.38, 102.0
1932.371, 102.0
1933.427, 102.0
1934.431, 103.0
1935.407, 103.0
1936.398, 104.0
1937.365, 104.0
1938.377, 104.0
1939.402, 104.0
1940.38, 104.0
1941.369, 103.0
1942.405, 103.0
1943.418, 103.0
1944.385, 103.0
1945.397, 103.0
1946.387, 104.0
1947.378, 105.0
1948.368, 105.0
1949.381, 106.0
1950.392, 106.0
1951.403, 105.0
1952.394, 105.0
1953.386, 104.0
1954.395, 103.0
1955.364, 103.0
1956.376, 103.0
1957.368, 103.0
1958.379, 102.0
1959.371, 102.0
1960.449, 103.0
1961.394, 103.0
1962.406, 104.0
1963.42, 104.0
1964.388, 105.0
1965.375, 105.0
1966.366, 105.0
1967.445, 105.0
1968.369, 105.0
1969.406, 105.0
1970.393, 105.0
1971.384, 106.0
1972.42, 106.0
1973.386, 106.0
1974.375, 107.0
1975.365, 107.0
1976.445, 107.0
1977.368, 107.0
1978.403, 106.0
1979.393, 106.0
1980.405, 106.0
1981.473, 106.0
1982.386, 107.0
1983.375, 107.0
1984.387, 107.0
1985.377, 108.0
1986.424, 108.0
1987.379, 109.0
1988.392, 109.0
1989.382, 110.0
1990.395, 110.0
1991.385, 108.0
1992.374, 107.0
1993.386, 106.0
1994.468, 106.0
1995.368, 106.0
1996.379, 106.0
1997.392, 106.0
1998.381, 106.0
1999.396, 106.0
2000.385, 106.0
2001.374, 106.0
2002.364, 106.0
2003.397, 106.0
2004.411, 106.0
2005.38, 105.0
2006.369, 105.0
2007.382, 104.0
2008.396, 104.0
2009.385, 104.0
2010.375, 103.0
2011.365, 103.0
2012.444, 104.0
2013.412, 104.0
2014.402, 104.0
2015.368, 104.0
2016.406, 103.0
2017.438, 102.0
2018.387, 102.0
2019.374, 102.0
2020.365, 102.0
2021.443, 102.0
2022.389, 102.0
2023.423, 102.0
2024.37, 102.0
2025.381, 102.0
2026.393, 102.0
2027.428, 101.0
2028.374, 102.0
2029.432, 102.0
2030.466, 102.0
2031.432, 102.0
2032.402, 103.0
2033.369, 103.0
2034.382, 103.0
2035.394, 103.0
2036.384, 103.0
2037.397, 103.0
2038.407, 103.0
2039.442, 104.0
2040.389, 104.0
2041.378, 104.0
2042.366, 104.0
2043.381, 104.0
2044.391, 103.0
2045.381, 103.0
2046.373, 103.0
2047.408, 103.0
2048.442, 104.0
2049.412, 104.0
2050.402, 104.0
2051.369, 104.0
2052.379, 103.0
2053.392, 102.0
2054.383, 102.0
2055.372, 102.0
2056.407, 102.0
2057.442, 102.0
2058.409, 102.0
2059.398, 102.0
2060.367, 102.0
2061.378, 102.0
2062.391, 103.0
2063.382, 103.0
2064.415, 104.0
2065.431, 104.0
2066.442, 105.0
2067.386, 105.0
2068.398, 106.0
2069.366, 106.0
2070.402, 106.0
2071.391, 106.0
2072.379, 105.0
2073.373, 104.0
2074.406, 103.0
2075.44, 102.0
2076.407, 101.0
2077.374, 100.0
2078.412, 101.0
2079.4, 101.0
2080.391, 102.0
2081.379, 103.0
2082.37, 104.0
2083.428, 104.0
2084.439, 104.0
2085.386, 104.0
2086.398, 103.0
2087.365, 103.0
2088.377, 102.0
2089.389, 102.0
2090.38, 102.0
2091.369, 102.0
2092.407, 102.0
2093.371, 103.0
2094.385, 103.0
2095.377, 104.0
2096.386, 104.0
2097.376, 105.0
2098.412, 105.0
2099.426, 106.0
2100.39, 106.0
2101.426, 106.0
2102.439, 106.0
2103.385, 105.0
2104.374, 105.0
2105.366, 105.0
2106.377, 106.0
2107.388, 106.0
2108.403, 106.0
2109.392, 106.0
2110.382, 106.0
2111.371, 106.0
2112.384, 107.0
2113.373, 108.0
2114.364, 107.0
2115.377, 106.0
2116.389, 105.0
2117.379, 105.0
2118.393, 105.0
2119.403, 105.0
2120.372, 106.0
2121.408, 106.0
2122.373, 107.0
2123.385, 107.0
2124.376, 108.0
2125.388, 108.0
2126.423, 107.0
2127.413, 107.0
2128.402, 106.0
2129.371, 106.0
2130.383, 106.0
2131.374, 106.0
2132.408, 106.0
2133.376, 106.0
2134.365, 106.0
2135.402, 107.0
2136.413, 108.0
2137.381, 108.0
2138.437, 107.0
2139.382, 107.0
2140.372, 107.0
2141.385, 106.0
2142.376, 105.0
2143.389, 105.0
2144.4, 104.0
2145.369, 104.0
2146.38, 104.0
2147.438, 104.0
2148.471, 104.0
2149.439, 105.0
2150.386, 105.0
2151.374, 105.0
2152.457, 106.0
2153.399, 107.0
2154.411, 106.0
2155.379, 105.0
2156.37, 104.0
2157.405, 104.0
2158.371, 103.0
2159.43, 102.0
2160.375, 103.0
2161.363, 103.0
2162.401, 103.0
2163.389, 103.0
2164.379, 104.0
2165.371, 104.0
2166.381, 104.0
2167.395, 104.0
2168.384, 104.0
2169.376, 103.0
2170.385, 103.0
2171.398, 103.0
2172.411, 103.0
2173.378, 103.0
2174.436, 103.0
2175.38, 104.0
2176.37, 104.0
2177.383, 105.0
2178.417, 107.0
2179.385, 108.0
2180.398, 109.0
2181.413, 110.0
2182.401, 111.0
2183.437, 112.0
2184.381, 112.0
2185.369, 111.0
2186.427, 111.0
2187.373, 110.0
2188.385, 110.0
2189.42, 110.0
2190.389, 109.0
2191.4, 109.0
2192.367, 109.0
2193.392, 109.0
2194.37, 110.0
2195.383, 110.0
2196.372, 110.0
2197.384, 110.0
2198.398, 110.0
2199.432, 110.0
2200.377, 110.0
2201.39, 109.0
2202.401, 109.0
2203.37, 109.0
2204.384, 108.0
2205.372, 108.0
2206.384, 107.0
2207.419, 107.0
2208.387, 106.0
2209.401, 105.0
2210.366, 105.0
2211.379, 105.0
2212.368, 105.0
2213.382, 106.0
2214.373, 106.0
2215.406, 107.0
2216.374, 107.0
2217.41, 107.0
2218.376, 107.0
2219.434, 106.0
2220.379, 105.0
2221.391, 105.0
2222.403, 104.0
2223.393, 103.0
2224.384, 103.0
2225.375, 102.0
2226.386, 103.0
2227.377, 103.0
2228.366, 104.0
2229.378, 105.0
2230.369, 106.0
2231.404, 107.0
2232.46, 108.0
2233.405, 109.0
2234.395, 110.0
2235.385, 110.0
2236.398, 110.0
2237.368, 111.0
2238.377, 111.0
2239.368, 111.0
2240.401, 112.0
2241.393, 112.0
2242.384, 113.0
2243.373, 114.0
2244.385, 114.0
2245.377, 115.0
2246.365, 114.0
2247.4, 114.0
2248.367, 113.0
2249.402, 113.0
2250.392, 113.0
2251.405, 112.0
2252.394, 112.0
2253.386, 112.0
2254.376, 111.0
2255.364, 111.0
2256.377, 110.0
2257.368, 109.0
2258.402, 109.0
2259.413, 108.0
2260.404, 108.0
2261.415, 108.0
2262.384, 107.0
2263.376, 107.0
2264.453, 106.0
2265.376, 106.0
2266.368, 105.0
2267.4, 105.0
2268.481, 105.0
2269.404, 105.0
2270.416, 105.0
2271.384, 105.0
2272.375, 105.0
2273.453, 105.0
2274.377, 105.0
2275.366, 105.0
2276.377, 105.0
2277.391, 105.0
2278.381, 105.0
2279.393, 105.0
2280.405, 105.0
2281.396, 105.0
2282.43, 105.0
2283.376, 105.0
2284.412, 105.0
2285.422, 105.0
2286.413, 105.0
2287.38, 105.0
2288.393, 104.0
2289.383, 103.0
2290.394, 103.0
2291.452, 103.0
2292.398, 103.0
2293.364, 102.0
2294.399, 102.0
2295.39, 102.0
2296.425, 102.0
2297.392, 102.0
2298.406, 101.0
2299.372, 101.0
2300.429, 101.0
2301.377, 101.0
2302.364, 101.0
2303.422, 101.0
2304.411, 102.0
2305.402, 102.0
2306.37, 102.0
2307.381, 102.0
2308.373, 102.0
2309.429, 102.0
2310.374, 102.0
2311.408, 103.0
2312.399, 103.0
2313.412, 104.0
2314.401, 105.0
2315.393, 105.0
2316.382, 105.0
2317.416, 105.0
2318.384, 105.0
2319.373, 105.0
2320.41, 104.0
2321.421, 104.0
2322.366, 104.0
2323.378, 104.0
2324.391, 105.0
2325.403, 105.0
2326.37, 105.0
2327.383, 105.0
2328.395, 105.0
2329.408, 104.0
2330.376, 103.0
2331.412, 103.0
2332.377, 102.0
2333.367, 102.0
2334.379, 102.0
2335.37, 102.0
2336.427, 103.0
2337.42, 103.0
2338.385, 104.0
2339.375, 104.0
2340.388, 105.0
2341.378, 105.0
2342.369, 104.0
2343.381, 103.0
2344.37, 103.0
2345.426, 103.0
2346.414, 103.0
2347.406, 103.0
2348.396, 102.0
2349.365, 102.0
2350.376, 102.0
2351.366, 102.0
2352.379, 102.0
2353.368, 102.0
2354.404, 103.0
2355.419, 103.0
2356.384, 103.0
2357.396, 103.0
2358.433, 104.0
2359.377, 105.0
2360.366, 106.0
2361.381, 107.0
2362.482, 108.0
2363.405, 109.0
2364.414, 109.0
2365.407, 109.0
2366.396, 108.0
2367.431, 108.0
2368.399, 107.0
2369.457, 107.0
2370.423, 106.0
2371.369, 105.0
2372.425, 105.0
2373.393, 104.0
2374.44, 103.0
2375.373, 103.0
2376.43, 101.0
2377.376, 100.0
2378.366, 99.0
2379.379, 98.0
2380.368, 97.0
2381.38, 97.0
2382.37, 96.0
2383.406, 95.0
2384.372, 94.0
2385.431, 94.0
2386.375, 94.0
2387.365, 93.0
2388.378, 93.0
2389.412, 93.0
2390.379, 93.0
2391.372, 93.0
2392.405, 93.0
2393.375, 94.0
2394.43, 95.0
2395.374, 95.0
2396.454, 97.0
2397.377, 98.0
2398.412, 99.0
2399.423, 99.0
2400.368, 100.0
2401.404, 101.0
2402.371, 101.0
2403.453, 101.0
2404.375, 102.0
2405.388, 102.0
2406.379, 102.0
2407.368, 103.0
2408.38, 104.0
2409.392, 104.0
2410.404, 105.0
2411.373, 105.0
2412.428, 105.0
2413.397, 105.0
2414.388, 105.0
2415.376, 106.0
2416.366, 106.0
2417.424, 107.0
2418.405, 107.0
2419.405, 108.0
2420.372, 109.0
2421.428, 109.0
2422.374, 110.0
2423.388, 110.0
2424.376, 111.0
2425.368, 111.0
2426.378, 112.0
2427.438, 113.0
2428.426, 112.0
2429.371, 112.0
2430.473, 111.0
2431.373, 111.0
2432.387, 110.0
2433.376, 110.0
2434.366, 109.0
2435.377, 109.0
2436.392, 109.0
2437.382, 108.0
2438.372, 108.0
2439.427, 108.0
2440.372, 107.0
2441.43, 107.0
2442.376, 107.0
2443.366, 106.0
2444.378, 106.0
2445.367, 105.0
2446.424, 105.0
2447.372, 105.0
2448.472, 105.0
2449.374, 105.0
2450.432, 106.0
2451.397, 106.0
2452.39, 107.0
2453.376, 108.0
2454.369, 108.0
2455.38, 107.0
2456.369, 107.0
2457.45, 107.0
2458.416, 106.0
2459.453, 106.0
2460.443, 106.0
2461.387, 106.0
2462.376, 107.0
2463.39, 107.0
2464.38, 108.0
2465.392, 109.0
2466.427, 109.0
2467.371, 110.0
2468.429, 109.0
2469.394, 108.0
2470.408, 108.0
2471.375, 108.0
2472.388, 108.0
2473.38, 108.0
2474.367, 108.0
2475.38, 109.0
2476.37, 109.0
2477.428, 109.0
2478.42, 109.0
2479.388, 108.0
2480.376, 107.0
2481.367, 107.0
2482.38, 107.0
2483.368, 107.0
2484.426, 107.0
2485.37, 107.0
2486.407, 106.0
2487.441, 105.0
2488.407, 107.0
2489.375, 108.0
2490.39, 107.0
2491.377, 107.0
2492.39, 107.0
2493.449, 106.0
2494.392, 107.0
2495.405, 107.0
2496.417, 107.0
2497.408, 108.0
2498.397, 109.0
2499.388, 110.0
2500.399, 112.0
2501.368, 114.0
2502.424, 114.0
2503.369, 114.0
2504.404, 115.0
2505.394, 115.0
2506.407, 115.0
2507.374, 115.0
2508.387, 115.0
2509.399, 115.0
2510.368, 115.0
2511.424, 115.0
2512.37, 115.0
2513.405, 115.0
2514.372, 115.0
2515.384, 114.0
2516.373, 115.0
2517.386, 115.0
2518.378, 115.0
2519.366, 114.0
2520.447, 114.0
2521.369, 114.0
2522.427, 114.0
2523.394, 114.0
2524.406, 115.0
2525.374, 116.0
2526.386, 118.0
2527.376, 119.0
2528.365, 121.0
2529.422, 122.0
2530.369, 123.0
2531.426, 125.0
2532.428, 126.0
2533.385, 126.0
2534.372, 127.0
2535.408, 127.0
2536.376, 127.0
2537.366, 128.0
2538.422, 128.0
2539.38, 128.0
2540.402, 128.0
2541.461, 127.0
2542.52, 128.0
2543.374, 128.0
2544.386, 126.0
2545.398, 125.0
2546.386, 124.0
2547.468, 123.0
2548.367, 122.0
2549.404, 122.0
2550.393, 122.0
2551.384, 123.0
2552.372, 123.0
2553.385, 124.0
2554.398, 124.0
2555.386, 124.0
2556.467, 126.0
2557.412, 127.0
2558.379, 129.0
2559.393, 130.0
2560.382, 130.0
2561.373, 131.0
2562.384, 131.0
2563.376, 131.0
2564.41, 132.0
2565.421, 132.0
2566.366, 132.0
2567.401, 132.0
2568.391, 132.0
2569.382, 131.0
2570.371, 131.0
2571.407, 131.0
2572.374, 131.0
2573.431, 131.0
2574.444, 131.0
2575.388, 131.0
2576.379, 131.0
2577.369, 132.0
2578.47, 131.0
2579.37, 131.0
2580.407, 131.0
2581.374, 131.0
2582.385, 131.0
2583.421, 131.0
2584.389, 131.0
2585.401, 131.0
2586.392, 131.0
2587.381, 131.0
2588.392, 132.0
2589.473, 132.0
2590.373, 132.0
2591.408, 132.0
2592.443, 133.0
2593.433, 133.0
2594.4, 133.0
2595.392, 133.0
2596.38, 133.0
2597.37, 133.0
2598.383, 133.0
2599.372, 133.0
2600.407, 134.0
2601.444, 134.0
2602.41, 134.0
2603.378, 135.0
2604.39, 135.0
2605.402, 136.0
2606.392, 136.0
2607.382, 136.0
2608.372, 137.0
2609.428, 137.0
2610.441, 137.0
2611.409, 137.0
2612.399, 137.0
2613.366, 137.0
2614.402, 137.0
2615.368, 137.0
2616.382, 137.0
2617.371, 137.0
2618.43, 137.0
2619.441, 137.0
2620.386, 137.0
2621.443, 137.0
2622.389, 137.0
2623.378, 137.0
2624.39, 137.0
2625.449, 137.0
2626.371, 137.0
2627.45, 137.0
2628.419, 137.0
2629.432, 137.0
2630.376, 137.0
2631.412, 138.0
2632.378, 138.0
2633.435, 138.0
2634.381, 138.0
2635.415, 138.0
2636.429, 139.0
2637.419, 139.0
2638.386, 139.0
2639.399, 139.0
2640.389, 139.0
2641.379, 139.0
2642.367, 139.0
2643.379, 139.0
2644.37, 139.0
2645.404, 139.0
2646.418, 139.0
2647.385, 138.0
2648.375, 138.0
2649.387, 138.0
2650.378, 138.0
2651.369, 138.0
2652.38, 138.0
2653.415, 138.0
2654.452, 138.0
2655.417, 138.0
2656.409, 138.0
2657.375, 138.0
2658.41, 138.0
2659.377, 138.0
2660.436, 138.0
2661.38, 138.0
2662.37, 138.0
2663.403, 138.0
2664.416, 138.0
2665.384, 138.0
2666.397, 138.0
2667.39, 138.0
2668.377, 138.0
2669.367, 138.0
2670.425, 138.0
2671.391, 138.0
2672.381, 138.0
2673.439, 138.0
2674.408, 138.0
2675.372, 138.0
2676.388, 138.0
2677.399, 139.0
2678.411, 139.0
2679.4, 139.0
2680.415, 139.0
2681.406, 139.0
2682.37, 139.0
2683.382, 140.0
2684.372, 140.0
2685.386, 140.0
2686.398, 140.0
2687.389, 141.0
2688.514, 141.0
2689.39, 141.0
2690.427, 142.0
2691.371, 142.0
2692.385, 142.0
2693.375, 142.0
2694.386, 143.0
2695.375, 143.0
2696.41, 143.0
2697.402, 143.0
2698.413, 143.0
2699.403, 143.0
2700.392, 143.0
2701.406, 143.0
2702.372, 143.0
2703.432, 143.0
2704.375, 143.0
2705.387, 143.0
2706.38, 143.0
2707.413, 143.0
2708.403, 143.0
2709.483, 142.0
2710.45, 143.0
2711.394, 143.0
2712.451, 143.0
2713.374, 143.0
2714.387, 143.0
2715.377, 143.0
2716.389, 143.0
2717.402, 143.0
2718.37, 143.0
2719.404, 143.0
2720.373, 142.0
2721.384, 142.0
2722.375, 142.0
2723.388, 142.0
2724.379, 142.0
2725.389, 142.0
2726.378, 143.0
2727.481, 143.0
2728.381, 143.0
2729.372, 143.0
2730.384, 143.0
2731.42, 143.0
2732.408, 143.0
2733.399, 143.0
2734.388, 143.0
2735.381, 143.0
2736.435, 142.0
2737.404, 142.0
2738.372, 142.0
2739.385, 142.0
2740.374, 143.0
2741.431, 143.0
2742.42, 143.0
2743.389, 143.0
2744.401, 143.0
2745.367, 143.0
2746.402, 143.0
2747.369, 143.0
2748.427, 143.0
2749.374, 143.0
2750.385, 143.0
2751.444, 143.0
2752.411, 143.0
2753.399, 143.0
2754.367, 144.0
2755.38, 144.0
2756.37, 144.0
2757.383, 144.0
2758.372, 144.0
2759.384, 144.0
2760.443, 145.0
2761.41, 145.0
2762.377, 145.0
2763.368, 145.0
2764.379, 145.0
2765.37, 145.0
2766.381, 146.0
2767.373, 146.0
2768.387, 146.0
2769.397, 146.0
2770.409, 146.0
2771.377, 146.0
2772.368, 146.0
2773.378, 146.0
2774.391, 146.0
2775.382, 146.0
2776.371, 146.0
2777.384, 146.0
2778.375, 146.0
2779.41, 146.0
2780.399, 146.0
2781.366, 146.0
2782.38, 146.0
2783.369, 146.0
2784.404, 146.0
2785.483, 146.0
2786.407, 146.0
2787.374, 146.0
2788.385, 146.0
2789.377, 146.0
2790.455, 146.0
2791.379, 146.0
2792.368, 146.0
2793.381, 146.0
2794.437, 146.0
2795.406, 146.0
2796.418, 146.0
2797.386, 146.0
2798.375, 146.0
2799.387, 146.0
2800.377, 146.0
2801.367, 146.0
2802.426, 146.0
2803.37, 146.0
2804.406, 146.0
2805.395, 146.0
2806.409, 146.0
2807.376, 146.0
2808.455, 147.0
2809.4, 147.0
2810.413, 147.0
2811.424, 147.0
2812.437, 147.0
2813.404, 147.0
2814.396, 148.0
2815.384, 148.0
2816.375, 148.0
2817.387, 148.0
2818.378, 148.0
2819.367, 148.0
2820.402, 148.0
2821.391, 148.0
2822.404, 148.0
2823.371, 148.0
2824.384, 148.0
2825.375, 148.0
2826.386, 148.0
2827.376, 148.0
2828.389, 148.0
2829.402, 148.0
2830.392, 148.0
2831.426, 148.0
2832.394, 148.0
2833.383, 148.0
2834.373, 148.0
2835.386, 148.0
2836.377, 148.0
2837.411, 148.0
2838.4, 149.0
2839.414, 149.0
2840.426, 149.0
2841.46, 149.0
2842.407, 148.0
2843.396, 148.0
2844.385, 148.0
2845.375, 148.0
2846.434, 148.0
2847.4, 149.0
2848.413, 149.0
2849.403, 149.0
2850.37, 149.0
2851.384, 149.0
2852.396, 149.0
2853.384, 149.0
2854.375, 149.0
2855.455, 149.0
2856.4, 149.0
2857.412, 149.0
2858.424, 149.0
2859.392, 150.0
2860.383, 151.0
2861.373, 152.0
2862.387, 153.0
2863.419, 154.0
2864.412, 155.0
2865.422, 156.0
2866.389, 156.0
2867.401, 156.0
2868.369, 156.0
2869.382, 156.0
2870.372, 156.0
2871.384, 157.0
2872.397, 157.0
2873.454, 157.0
2874.422, 157.0
2875.389, 157.0
2876.401, 157.0
2877.392, 157.0
2878.381, 157.0
2879.371, 157.0
2880.384, 157.0
2881.373, 158.0
2882.454, 158.0
2883.398, 158.0
2884.411, 158.0
2885.401, 158.0
2886.393, 158.0
2887.403, 158.0
2888.372, 158.0
2889.382, 158.0
2890.372, 158.0
2891.409, 158.0
2892.443, 159.0
2893.388, 159.0
2894.422, 159.0
2895.39, 159.0
2896.382, 159.0
2897.37, 159.0
2898.452, 159.0
2899.373, 159.0
2900.407, 159.0
2901.375, 159.0
2902.39, 159.0
2903.401, 159.0
2904.39, 159.0
2905.447, 159.0
2906.371, 159.0
2907.449, 159.0
2908.397, 159.0
2909.384, 159.0
2910.42, 159.0
2911.41, 159.0
2912.4, 159.0
2913.367, 159.0
2914.379, 159.0
2915.369, 159.0
2916.448, 159.0
2917.417, 159.0
2918.407, 159.0
2919.396, 159.0
2920.409, 159.0
2921.399, 159.0
2922.366, 159.0
2923.423, 159.0
2924.369, 159.0
2925.382, 159.0
2926.44, 159.0
2927.385, 159.0
2928.42, 159.0
2929.388, 159.0
2930.443, 159.0
2931.388, 159.0
2932.378, 159.0
2933.369, 159.0
2934.382, 159.0
2935.394, 160.0
2936.41, 160.0
2937.373, 160.0
2938.386, 160.0
2939.398, 160.0
2940.389, 160.0
2941.401, 160.0
2942.39, 161.0
2943.448, 161.0
2944.392, 161.0
2945.406, 161.0
2946.397, 161.0
2947.497, 161.0
2948.399, 161.0
2949.389, 162.0
2950.38, 162.0
2951.367, 162.0
2952.448, 162.0
2953.393, 162.0
2954.383, 162.0
2955.373, 162.0
2956.386, 162.0
2957.397, 163.0
2958.432, 163.0
2959.377, 163.0
2960.391, 163.0
2961.448, 163.0
2962.37, 163.0
2963.382, 163.0
2964.397, 163.0
2965.385, 163.0
2966.398, 163.0
2967.387, 163.0
2968.422, 163.0
2969.368, 163.0
2970.493, 163.0
2971.391, 163.0
2972.383, 163.0
2973.418, 163.0
2974.408, 163.0
2975.397, 163.0
2976.387, 163.0
2977.376, 163.0
2978.412, 163.0
2979.401, 163.0
2980.416, 163.0
2981.382, 163.0
2982.393, 163.0
2983.384, 163.0
2984.395, 163.0
2985.409, 163.0
2986.377, 163.0
2987.391, 163.0
2988.445, 164.0
2989.392, 164.0
2990.383, 164.0
2991.393, 164.0
2992.384, 164.0
2993.398, 164.0
2994.386, 162.0
2995.376, 161.0
2996.434, 159.0
2997.446, 157.0
2998.414, 156.0
2999.38, 154.0
3000.37, 154.0
3001.385, 154.0
3002.396, 153.0
3003.386, 153.0
3004.375, 152.0
3005.433, 151.0
3006.445, 150.0
3007.367, 150.0
3008.38, 148.0
3009.369, 147.0
3010.384, 146.0
3011.395, 145.0
3012.432, 145.0
3013.376, 144.0
3014.387, 143.0
3015.378, 142.0
3016.389, 142.0
3017.404, 141.0
3018.392, 141.0
3019.382, 141.0
3020.394, 140.0
3021.406, 140.0
3022.397, 139.0
3023.41, 138.0
3024.444, 138.0
3025.389, 137.0
3026.404, 136.0
3027.37, 136.0
3028.381, 135.0
3029.394, 134.0
3030.407, 134.0
3031.396, 133.0
3032.384, 133.0
3033.377, 133.0
3034.389, 132.0
3035.379, 132.0
3036.368, 132.0
3037.403, 132.0
3038.394, 131.0
3039.429, 131.0
3040.397, 130.0
3041.408, 130.0
3042.375, 129.0
3043.388, 129.0
3044.379, 128.0
3045.392, 128.0
3046.38, 128.0
3047.393, 127.0
3048.429, 126.0
3049.42, 126.0
3050.385, 125.0
3051.443, 124.0
3052.388, 123.0
3053.378, 122.0
3054.368, 121.0
3055.381, 121.0
3056.394, 120.0
3057.427, 120.0
3058.441, 120.0
3059.386, 119.0
3060.444, 119.0
3061.388, 119.0
3062.378, 119.0
3063.391, 119.0
3064.382, 118.0
3065.416, 118.0
3066.427, 117.0
3067.394, 117.0
3068.409, 116.0
3069.376, 116.0
3070.387, 115.0
3071.378, 114.0
3072.389, 114.0
3073.379, 113.0
3074.392, 113.0
3075.439, 113.0
3076.393, 113.0
3077.43, 113.0
3078.373, 113.0
3079.388, 113.0
3080.377, 113.0
3081.39, 113.0
3082.379, 113.0
3083.495, 112.0
3084.405, 111.0
3085.417, 110.0
3086.383, 110.0
3087.374, 110.0
3088.536, 109.0
3089.377, 109.0
3090.434, 109.0
3091.379, 108.0
3092.414, 108.0
3093.461, 108.0
3094.416, 108.0
3095.384, 108.0
3096.441, 108.0
3097.386, 108.0
3098.377, 108.0
3099.389, 108.0
3100.491, 108.0
3101.392, 108.0
3102.404, 108.0
3103.419, 109.0
3104.383, 109.0
3105.373, 109.0
3106.454, 109.0
3107.397, 110.0
3108.389, 110.0
3109.422, 110.0
3110.413, 110.0
3111.382, 111.0
3112.393, 111.0
3113.383, 111.0
3114.373, 111.0
3115.385, 111.0
3116.375, 111.0
3117.387, 111.0
3118.378, 111.0
3119.413, 111.0
3120.402, 111.0
3121.394, 111.0
3122.405, 111.0
3123.442, 111.0
3124.386, 111.0
3125.374, 111.0
3126.388, 111.0
3127.489, 111.0
3128.391, 111.0
3129.424, 111.0
3130.414, 111.0
3131.384, 111.0
3132.439, 111.0
3133.386, 111.0
3134.376, 111.0
3135.431, 111.0
3136.377, 111.0
3137.434, 111.0
3138.424, 111.0
3139.368, 111.0
3140.382, 111.0
3141.372, 111.0
3142.384, 111.0
3143.374, 111.0
3144.408, 111.0
3145.379, 111.0
3146.412, 111.0
3147.402, 111.0
3148.368, 111.0
3149.381, 112.0
3150.438, 112.0
3151.382, 112.0
3152.396, 112.0
3153.41, 112.0
3154.421, 111.0
3155.435, 111.0
3156.4, 111.0
3157.435, 111.0
3158.381, 111.0
3159.369, 111.0
3160.383, 111.0
3161.373, 110.0
3162.407, 110.0
3163.421, 110.0
3164.41, 110.0
3165.376, 110.0
3166.39, 110.0
3167.402, 110.0
3168.371, 110.0
3169.384, 109.0
3170.372, 109.0
3171.384, 109.0
3172.42, 109.0
3173.387, 109.0
3174.389, 109.0
3175.413, 109.0
3176.381, 109.0
3177.437, 109.0
3178.382, 109.0
3179.416, 110.0
3180.432, 110.0
3181.396, 110.0
3182.41, 110.0
3183.422, 110.0
3184.391, 110.0
3185.38, 110.0
3186.37, 110.0
3187.449, 110.0
3188.373, 110.0
3189.43, 111.0
3190.375, 110.0
3191.408, 110.0
3192.4, 110.0
3193.391, 110.0
3194.402, 110.0
3195.368, 109.0
3196.403, 109.0
3197.373, 108.0
3198.429, 107.0
3199.421, 107.0
3200.388, 106.0
3201.377, 106.0
3202.391, 106.0
3203.38, 106.0
3204.368, 106.0
3205.382, 106.0
3206.393, 106.0
3207.385, 106.0
3208.396, 106.0
3209.385, 106.0
3210.376, 106.0
3211.412, 106.0
3212.378, 105.0
3213.46, 105.0
3214.381, 104.0
3215.371, 104.0
3216.405, 105.0
3217.418, 105.0
3218.387, 105.0
3219.399, 105.0
3220.387, 106.0
3221.402, 107.0
3222.435, 108.0
3223.381, 109.0
3224.37, 108.0
3225.405, 107.0
3226.418, 107.0
3227.407, 107.0
3228.397, 107.0
3229.388, 107.0
3230.379, 106.0
3231.436, 106.0
3232.379, 106.0
3233.368, 106.0
3234.406, 106.0
3235.485, 106.0
3236.384, 106.0
3237.398, 105.0
3238.409, 105.0
3239.534, 105.0
3240.458, 104.0
3241.401, 104.0
3242.414, 104.0
3243.404, 104.0
3244.394, 105.0
3245.384, 105.0
3246.373, 105.0
3247.387, 105.0
3248.378, 105.0
3249.435, 104.0
3250.402, 103.0
3251.413, 102.0
3252.403, 102.0
3253.394, 102.0
3254.384, 103.0
3255.395, 103.0
3256.423, 104.0
3257.374, 104.0
3258.432, 105.0
3259.402, 105.0
3260.391, 105.0
3261.403, 106.0
3262.37, 106.0
