0.0, 100.0
0.717, 101.0
1.765, 101.0
2.741, 101.0
3.715, 101.0
4.731, 100.0
5.779, 100.0
6.752, 100.0
7.766, 100.0
8.741, 100.0
9.715, 101.0
10.729, 103.0
11.757, 104.0
12.716, 104.0
13.745, 105.0
14.756, 106.0
15.754, 106.0
16.782, 105.0
17.741, 105.0
18.716, 105.0
19.741, 105.0
20.739, 105.0
21.715, 105.0
22.728, 106.0
23.74, 107.0
24.713, 107.0
25.728, 108.0
26.74, 108.0
27.751, 108.0
28.728, 107.0
29.74, 105.0
30.715, 104.0
31.765, 103.0
32.738, 103.0
33.713, 103.0
34.726, 103.0
35.74, 103.0
36.713, 103.0
37.726, 103.0
38.74, 103.0
39.714, 102.0
40.764, 101.0
41.739, 101.0
42.73, 100.0
43.728, 100.0
44.816, 99.0
45.728, 100.0
46.726, 100.0
47.738, 100.0
48.789, 101.0
49.729, 101.0
50.755, 102.0
51.713, 101.0
52.726, 100.0
53.792, 100.0
54.713, 99.0
55.763, 99.0
56.738, 100.0
57.713, 101.0
58.801, 102.0
59.739, 104.0
60.713, 105.0
61.727, 107.0
62.739, 109.0
63.752, 111.0
64.763, 113.0
65.738, 115.0
66.714, 117.0
67.726, 119.0
68.737, 119.0
69.714, 117.0
70.727, 113.0
71.74, 111.0
72.713, 110.0
73.725, 110.0
74.738, 109.0
75.727, 110.0
76.762, 110.0
77.738, 111.0
78.764, 112.0
79.727, 112.0
80.777, 113.0
81.764, 113.0
82.726, 114.0
83.738, 114.0
84.728, 115.0
85.725, 114.0
86.751, 114.0
87.712, 113.0
88.726, 113.0
89.787, 113.0
90.713, 113.0
91.725, 114.0
92.738, 113.0
93.712, 112.0
94.725, 112.0
95.776, 112.0
96.712, 112.0
97.772, 112.0
98.737, 113.0
99.713, 113.0
100.725, 110.0
101.738, 104.0
102.724, 90.0
103.724, 89.0
104.738, 90.0
105.714, 92.0
106.725, 98.0
107.774, 101.0
108.711, 105.0
109.724, 109.0
110.812, 112.0
111.712, 114.0
112.738, 116.0
113.775, 118.0
114.712, 120.0
115.739, 122.0
116.738, 124.0
117.762, 127.0
118.725, 129.0
119.737, 131.0
120.727, 133.0
121.725, 135.0
122.737, 136.0
123.763, 137.0
124.724, 138.0
125.736, 139.0
126.712, 140.0
127.724, 140.0
128.736, 140.0
129.711, 140.0
130.76, 139.0
131.735, 139.0
132.71, 140.0
133.733, 139.0
134.736, 137.0
135.749, 136.0
136.736, 134.0
137.736, 133.0
138.711, 131.0
139.723, 131.0
140.735, 131.0
141.726, 131.0
142.723, 132.0
143.736, 134.0
144.749, 135.0
145.724, 135.0
146.775, 135.0
147.712, 134.0
148.74, 134.0
149.749, 134.0
150.711, 135.0
151.738, 135.0
152.737, 136.0
153.725, 135.0
154.736, 137.0
155.736, 137.0
156.711, 138.0
157.723, 139.0
158.736, 139.0
159.725, 140.0
160.76, 141.0
161.736, 141.0
162.839, 142.0
163.76, 143.0
164.736, 144.0
165.711, 145.0
166.725, 146.0
167.736, 146.0
168.71, 146.0
169.725, 147.0
170.773, 147.0
171.711, 147.0
172.722, 147.0
173.735, 147.0
174.71, 147.0
175.723, 147.0
176.735, 147.0
177.71, 147.0
178.723, 147.0
179.772, 146.0
180.71, 146.0
181.722, 146.0
182.735, 146.0
183.723, 145.0
184.724, 145.0
185.735, 145.0
186.711, 145.0
187.722, 144.0
188.785, 144.0
189.711, 144.0
190.722, 144.0
191.773, 143.0
192.71, 141.0
193.737, 140.0
194.734, 139.0
195.71, 137.0
196.774, 136.0
197.773, 136.0
198.709, 136.0
199.722, 136.0
200.735, 135.0
201.724, 136.0
202.723, 136.0
203.735, 136.0
204.709, 137.0
205.722, 138.0
206.771, 139.0
207.709, 139.0
208.722, 141.0
209.734, 141.0
210.71, 143.0
211.721, 144.0
212.772, 145.0
213.709, 145.0
214.723, 146.0
215.734, 147.0
216.759, 148.0
217.722, 148.0
218.734, 148.0
219.712, 148.0
220.721, 148.0
221.748, 148.0
222.759, 148.0
223.723, 148.0
224.732, 148.0
225.747, 148.0
226.722, 148.0
227.748, 147.0
228.71, 148.0
229.733, 147.0
230.734, 147.0
231.709, 146.0
232.773, 146.0
233.733, 145.0
234.708, 145.0
235.774, 145.0
236.772, 145.0
237.709, 145.0
238.721, 144.0
239.733, 143.0
240.721, 141.0
241.721, 138.0
242.734, 137.0
243.708, 137.0
244.721, 137.0
245.77, 137.0
246.708, 138.0
247.721, 138.0
248.747, 140.0
249.708, 140.0
250.722, 141.0
251.733, 143.0
252.723, 144.0
253.721, 145.0
254.733, 146.0
255.785, 148.0
256.721, 148.0
257.732, 149.0
258.722, 150.0
259.721, 151.0
260.733, 151.0
261.795, 152.0
262.72, 152.0
263.733, 152.0
264.708, 152.0
265.72, 152.0
266.746, 152.0
267.708, 152.0
268.72, 152.0
269.733, 152.0
270.708, 152.0
271.72, 151.0
272.733, 150.0
273.709, 150.0
274.758, 150.0
275.732, 149.0
276.707, 148.0
277.721, 149.0
278.77, 148.0
279.745, 148.0
280.72, 148.0
281.733, 147.0
282.721, 147.0
283.72, 147.0
284.733, 147.0
285.707, 147.0
286.72, 146.0
287.77, 145.0
288.707, 144.0
289.732, 142.0
290.732, 141.0
291.706, 140.0
292.731, 140.0
293.772, 141.0
294.707, 141.0
295.734, 142.0
296.732, 143.0
297.721, 143.0
298.719, 144.0
299.732, 145.0
300.722, 145.0
301.72, 147.0
302.731, 148.0
303.708, 148.0
304.722, 149.0
305.783, 150.0
306.706, 151.0
307.719, 151.0
308.784, 151.0
309.707, 151.0
310.719, 151.0
311.769, 151.0
312.708, 151.0
313.733, 151.0
314.732, 151.0
315.707, 151.0
316.719, 151.0
317.769, 150.0
318.707, 150.0
319.72, 149.0
320.732, 149.0
321.72, 148.0
322.718, 148.0
323.768, 148.0
324.705, 147.0
325.719, 147.0
326.732, 146.0
327.706, 146.0
328.731, 144.0
329.731, 144.0
330.744, 143.0
331.739, 143.0
332.731, 143.0
333.719, 143.0
334.77, 143.0
335.731, 144.0
336.722, 144.0
337.72, 144.0
338.732, 144.0
339.757, 143.0
340.718, 143.0
341.731, 142.0
342.707, 142.0
343.718, 142.0
344.769, 142.0
345.707, 143.0
346.756, 143.0
347.768, 144.0
348.705, 144.0
349.718, 145.0
350.768, 146.0
351.707, 146.0
352.731, 147.0
353.73, 148.0
354.706, 149.0
355.718, 150.0
356.73, 150.0
357.72, 150.0
358.719, 150.0
359.731, 150.0
360.781, 150.0
361.718, 151.0
362.743, 150.0
363.781, 150.0
364.731, 150.0
365.741, 150.0
366.705, 150.0
367.731, 150.0
368.732, 150.0
369.703, 149.0
370.73, 150.0
371.73, 150.0
372.705, 149.0
373.767, 148.0
374.73, 146.0
375.718, 145.0
376.717, 144.0
377.729, 143.0
378.759, 143.0
379.718, 144.0
380.73, 144.0
381.705, 144.0
382.755, 145.0
383.73, 146.0
384.705, 147.0
385.718, 147.0
386.768, 149.0
387.706, 149.0
388.717, 150.0
389.731, 150.0
390.704, 151.0
391.717, 152.0
392.73, 152.0
393.704, 152.0
394.716, 152.0
395.729, 152.0
396.744, 152.0
397.717, 153.0
398.73, 153.0
399.718, 153.0
400.717, 153.0
401.742, 152.0
402.704, 152.0
403.717, 151.0
404.78, 151.0
405.704, 152.0
406.716, 151.0
407.73, 151.0
408.704, 151.0
409.73, 150.0
410.729, 150.0
411.704, 149.0
412.766, 148.0
413.731, 147.0
414.704, 147.0
415.717, 147.0
416.729, 148.0
417.719, 148.0
418.716, 148.0
419.729, 149.0
420.705, 150.0
421.719, 151.0
422.766, 151.0
423.704, 152.0
424.716, 153.0
425.729, 154.0
426.704, 155.0
427.717, 155.0
428.729, 156.0
429.742, 156.0
430.717, 156.0
431.729, 156.0
432.715, 156.0
433.717, 156.0
434.728, 156.0
435.704, 156.0
436.716, 156.0
437.728, 156.0
438.755, 156.0
439.716, 156.0
440.728, 155.0
441.703, 155.0
442.73, 155.0
443.779, 155.0
444.703, 154.0
445.767, 154.0
446.729, 153.0
447.703, 153.0
448.73, 153.0
449.73, 152.0
450.704, 152.0
451.758, 151.0
452.731, 151.0
453.704, 151.0
454.716, 151.0
455.728, 149.0
456.716, 149.0
457.753, 148.0
458.728, 147.0
459.702, 148.0
460.715, 147.0
461.728, 148.0
462.778, 148.0
463.716, 149.0
464.728, 149.0
465.717, 150.0
466.715, 151.0
467.728, 151.0
468.703, 152.0
469.715, 152.0
470.728, 153.0
471.703, 153.0
472.716, 154.0
473.727, 154.0
474.715, 155.0
475.715, 155.0
476.728, 155.0
477.753, 155.0
478.752, 155.0
479.728, 155.0
480.703, 155.0
481.715, 155.0
482.741, 155.0
483.702, 155.0
484.714, 154.0
485.727, 154.0
486.702, 153.0
487.714, 152.0
488.728, 152.0
489.702, 153.0
490.752, 153.0
491.728, 152.0
492.705, 151.0
493.715, 149.0
494.727, 148.0
495.777, 146.0
496.714, 146.0
497.728, 146.0
498.703, 146.0
499.715, 146.0
500.726, 147.0
501.702, 148.0
502.714, 149.0
503.766, 150.0
504.702, 150.0
505.727, 152.0
506.727, 152.0
507.702, 153.0
508.802, 153.0
509.727, 154.0
510.753, 154.0
511.768, 155.0
512.727, 155.0
513.701, 155.0
514.714, 155.0
515.741, 155.0
516.714, 155.0
517.714, 155.0
518.727, 154.0
519.703, 153.0
520.715, 153.0
521.777, 152.0
522.702, 150.0
523.713, 149.0
524.814, 148.0
525.703, 148.0
526.752, 147.0
527.764, 146.0
528.741, 146.0
529.727, 144.0
530.726, 144.0
531.739, 143.0
532.714, 142.0
533.727, 141.0
534.715, 140.0
535.714, 140.0
536.727, 140.0
537.714, 140.0
538.713, 140.0
539.764, 139.0
540.701, 138.0
541.715, 137.0
542.726, 136.0
543.7, 135.0
544.763, 134.0
545.726, 133.0
546.701, 132.0
547.713, 132.0
548.726, 130.0
549.7, 130.0
550.801, 129.0
551.725, 130.0
552.701, 129.0
553.714, 129.0
554.727, 130.0
555.751, 130.0
556.713, 130.0
557.725, 130.0
558.701, 130.0
559.713, 131.0
560.762, 131.0
561.774, 131.0
562.712, 131.0
563.725, 131.0
564.7, 131.0
565.713, 131.0
566.725, 131.0
567.701, 130.0
568.713, 130.0
569.726, 130.0
570.7, 129.0
571.751, 129.0
572.725, 128.0
573.738, 128.0
574.713, 127.0
575.725, 126.0
576.74, 126.0
577.751, 125.0
578.725, 125.0
579.701, 125.0
580.713, 125.0
581.727, 125.0
582.7, 124.0
583.713, 124.0
584.763, 124.0
585.701, 123.0
586.725, 123.0
587.726, 123.0
588.713, 123.0
589.757, 123.0
590.726, 122.0
591.75, 122.0
592.714, 121.0
593.763, 121.0
594.75, 121.0
595.712, 121.0
596.725, 121.0
597.775, 120.0
598.712, 120.0
599.762, 119.0
600.702, 119.0
601.712, 118.0
602.762, 118.0
603.701, 118.0
604.712, 118.0
605.724, 119.0
606.7, 119.0
607.712, 120.0
608.725, 121.0
609.699, 120.0
610.764, 120.0
611.724, 119.0
612.7, 118.0
613.712, 118.0
614.724, 117.0
615.736, 117.0
616.712, 117.0
617.724, 116.0
618.699, 116.0
619.712, 115.0
620.774, 115.0
621.7, 114.0
622.711, 113.0
623.739, 113.0
624.699, 113.0
625.725, 113.0
626.761, 113.0
627.698, 113.0
628.728, 112.0
629.762, 112.0
630.736, 112.0
631.711, 112.0
632.724, 112.0
633.736, 112.0
634.711, 112.0
635.724, 112.0
636.736, 112.0
637.713, 113.0
638.761, 113.0
639.699, 113.0
640.713, 113.0
641.723, 112.0
642.699, 112.0
643.749, 112.0
644.724, 111.0
645.698, 111.0
646.725, 111.0
647.724, 111.0
648.699, 111.0
649.711, 110.0
650.723, 110.0
651.698, 110.0
652.711, 109.0
653.724, 109.0
654.735, 109.0
655.71, 108.0
656.724, 108.0
657.698, 108.0
658.711, 108.0
659.775, 108.0
660.698, 108.0
661.725, 108.0
662.771, 108.0
663.698, 109.0
664.725, 109.0
665.726, 109.0
666.697, 109.0
