1.78499481162E12, 0.0, 0.0
1.78499481207E12, 0.0, 0.0
1.784994812518E12, 0.0, 0.0
1.784994813118E12, 0.0, 0.0
1.784994813569E12, 0.0, 0.0
1.784994814094E12, 0.0, 0.0
1.784994814544E12, 0.0, 0.0
1.784994815068E12, 0.0, 0.0
1.784994815593E12, 0.0, 0.0
1.784994816045E12, 0.0, 0.0
1.78499481657E12, 0.0, 0.0
1.784994817093E12, 0.0, 0.0
1.784994817543E12, 0.0, 0.0
1.78499481807E12, 0.0, 0.0
1.784994818594E12, 0.0, 0.0
1.784994819044E12, 0.0, 0.0
1.784994819644E12, 0.0, 0.0
1.784994820094E12, 0.0, 0.0
1.784994820545E12, 0.0, 0.0
1.784994821069E12, 0.0, 0.0
1.784994821593E12, 0.0, 0.0
1.784994822043E12, 0.0, 0.0
1.784994822568E12, 0.0, 0.0
1.784994823094E12, 0.0, 0.0
1.784994823543E12, 0.0, 0.0
1.784994824067E12, 0.0, 0.0
1.784994824594E12, 0.0, 0.0
1.784994825043E12, 0.0, 0.0
1.784994825568E12, 0.0, 0.0
1.784994826093E12, 0.0, 0.0
1.784994826544E12, 0.0, 0.0
1.784994827068E12, 0.0, 0.0
1.784994827592E12, 0.0, 0.0
1.784994828044E12, 0.0, 0.0
1.784994828568E12, 0.0, 0.0
1.784994829093E12, 0.0, 0.0
1.784994829543E12, 0.0, 0.0
1.784994830069E12, 0.0, 0.0
1.784994830593E12, 0.0, 0.0
1.784994831117E12, 0.0, 0.0
1.784994831568E12, 0.0, 0.0
1.784994832093E12, 0.0, 0.0
1.784994832544E12, 0.0, 0.0
1.784994833068E12, 0.0, 0.0
1.784994833668E12, 0.0, 0.0
1.784994834043E12, 0.0, 0.0
1.784994834569E12, 0.0, 0.0
1.784994835093E12, 0.0, 0.0
1.784994835543E12, 0.0, 0.0
1.784994836068E12, 0.0, 0.0
1.784994836593E12, 0.0, 0.0
1.784994837043E12, 0.0, 0.0
1.784994837568E12, 0.0, 0.0
1.784994838093E12, 0.0, 0.0
1.784994838542E12, 0.0, 0.0
1.784994839069E12, 0.0, 0.0
1.784994839593E12, 0.0, 0.0
1.784994840043E12, 0.0, 0.0
1.784994840567E12, 0.0, 0.0
1.784994841092E12, 0.0, 0.0
1.784994841543E12, 0.0, 0.0
1.784994842068E12, 0.0, 0.0
1.784994842593E12, 0.0, 0.0
1.784994843043E12, 0.0, 0.0
1.784994843568E12, 0.0, 0.0
1.784994844093E12, 0.0, 0.0
1.784994844543E12, 0.0, 0.0
1.784994845143E12, 0.0, 0.0
1.784994845593E12, 0.0, 0.0
1.784994846043E12, 0.0, 0.0
1.784994846568E12, 0.0, 0.0
1.784994847092E12, 0.0, 0.0
1.784994847544E12, 0.0, 0.0
1.784994848067E12, 0.0, 0.0
1.784994848593E12, 0.0, 0.0
1.784994849042E12, 0.0, 0.0
1.784994849568E12, 0.0, 0.0
1.784994850092E12, 0.0, 0.0
1.784994850544E12, 0.0, 0.0
1.784994851068E12, 0.0, 0.0
1.784994851593E12, 0.0, 0.0
1.784994852042E12, 0.0, 0.0
1.784994852568E12, 0.0, 0.0
1.784994853093E12, 0.0, 0.0
1.784994853543E12, 0.0, 0.0
1.784994854068E12, 0.0, 0.0
1.784994854592E12, 0.0, 0.0
1.784994855042E12, 0.0, 0.0
1.784994855568E12, 0.16, 0.30000000000000004
1.784994856093E12, 0.6900000000000001, 2.0
1.784994856542E12, 1.18, 3.9000000000000004
1.784994857067E12, 1.68, 5.6000000000000005
1.784994857593E12, 2.2, 7.4
1.784994858043E12, 2.7, 9.1
1.784994858567E12, 3.2, 11.100000000000001
1.784994859167E12, 3.7, 13.0
1.784994859543E12, 4.19, 14.700000000000001
1.784994860068E12, 4.69, 16.5
1.784994860593E12, 5.19, 18.6
1.784994861043E12, 5.7, 20.700000000000003
1.784994861568E12, 6.2, 22.6
1.784994862093E12, 6.7, 24.400000000000002
1.784994862542E12, 7.2, 26.5
1.784994863067E12, 7.7, 28.5
1.784994863592E12, 8.2, 30.400000000000002
1.784994864042E12, 8.700000000000001, 32.2
1.784994864567E12, 9.200000000000001, 34.300000000000004
1.784994865093E12, 9.700000000000001, 36.4
1.784994865542E12, 10.19, 38.400000000000006
1.784994866067E12, 10.700000000000001, 40.300000000000004
1.784994866592E12, 11.200000000000001, 42.2
1.784994867043E12, 11.700000000000001, 44.400000000000006
1.784994867568E12, 12.200000000000001, 46.5
1.784994868092E12, 12.68, 48.300000000000004
1.784994868542E12, 13.200000000000001, 50.2
1.784994869067E12, 13.700000000000001, 52.300000000000004
1.784994869592E12, 14.19, 54.400000000000006
1.784994870042E12, 14.69, 56.300000000000004
1.784994870642E12, 15.19, 58.1
1.784994871092E12, 15.69, 60.300000000000004
1.784994871542E12, 16.2, 62.400000000000006
1.784994872066E12, 16.69, 64.3
1.784994872592E12, 17.19, 66.10000000000001
1.784994873042E12, 17.7, 68.2
1.784994873567E12, 18.2, 70.4
1.784994874093E12, 18.7, 72.5
1.784994874616E12, 19.19, 74.5
1.784994875068E12, 19.7, 76.3
1.784994875592E12, 20.2, 78.5
1.784994876042E12, 20.69, 80.60000000000001
1.784994876567E12, 21.2, 82.7
1.784994877092E12, 21.7, 84.60000000000001
1.784994877542E12, 22.2, 86.5
1.784994878067E12, 22.7, 88.60000000000001
1.784994878593E12, 23.19, 90.7
1.784994879043E12, 23.7, 92.60000000000001
1.784994879567E12, 24.19, 94.4
1.784994880092E12, 24.7, 96.60000000000001
1.784994880542E12, 25.19, 98.80000000000001
1.784994881068E12, 25.7, 100.9
1.784994881592E12, 26.19, 102.80000000000001
1.784994882117E12, 26.7, 104.80000000000001
1.784994882567E12, 27.2, 107.10000000000001
1.784994883092E12, 27.7, 109.30000000000001
1.784994883542E12, 28.19, 111.2
1.784994884068E12, 28.69, 113.10000000000001
1.784994884592E12, 29.2, 115.30000000000001
1.784994885042E12, 29.7, 117.5
1.784994885568E12, 30.19, 119.4
1.784994886092E12, 30.69, 121.30000000000001
1.784994886541E12, 31.19, 123.4
1.784994887067E12, 31.69, 125.60000000000001
1.784994887592E12, 32.2, 127.7
1.784994888042E12, 32.7, 129.70000000000002
1.784994888567E12, 33.19, 131.6
1.784994889092E12, 33.7, 133.9
1.784994889542E12, 34.2, 136.1
1.784994890066E12, 34.69, 138.0
1.784994890592E12, 35.2, 140.0
1.784994891042E12, 35.7, 142.20000000000002
1.784994891567E12, 36.19, 144.4
1.784994892092E12, 36.7, 146.5
1.784994892542E12, 37.2, 148.5
1.784994893067E12, 37.7, 150.6
1.784994893592E12, 38.19, 152.8
1.784994894041E12, 38.7, 154.9
1.784994894566E12, 39.2, 156.8
1.784994895091E12, 39.7, 158.8
1.784994895542E12, 40.2, 161.0
1.784994896066E12, 40.69, 163.10000000000002
1.784994896592E12, 41.18, 165.0
1.784994897042E12, 41.7, 167.0
1.784994897566E12, 42.2, 169.3
1.784994898092E12, 42.7, 171.4
1.784994898542E12, 43.2, 173.5
1.784994899067E12, 43.69, 175.4
1.784994899593E12, 44.21, 177.5
1.784994900041E12, 44.7, 179.70000000000002
1.784994900567E12, 45.19, 181.70000000000002
1.784994901091E12, 45.7, 183.70000000000002
1.784994901542E12, 46.2, 185.70000000000002
1.784994902067E12, 46.7, 188.0
1.784994902591E12, 47.19, 190.10000000000002
1.784994903041E12, 47.68, 192.10000000000002
1.784994903566E12, 48.19, 194.0
1.784994904091E12, 48.7, 196.3
1.784994904542E12, 49.2, 198.4
1.784994905066E12, 49.6, 200.0
1.784994905142E12, 49.69, 200.4
1.784994905592E12, 50.19, 202.3
1.784994906041E12, 50.69, 204.4
1.784994906566E12, 51.19, 206.60000000000002
1.784994907091E12, 51.68, 208.60000000000002
1.784994907541E12, 52.2, 210.60000000000002
1.784994908066E12, 52.69, 212.5
1.784994908592E12, 53.19, 214.8
1.784994909042E12, 53.7, 217.0
1.784994909567E12, 54.19, 218.9
1.784994910091E12, 54.69, 220.8
1.784994910542E12, 55.2, 223.10000000000002
1.784994911067E12, 55.69, 225.20000000000002
1.784994911591E12, 56.2, 227.20000000000002
1.784994912041E12, 56.68, 229.0
1.784994912567E12, 57.2, 231.20000000000002
1.784994913092E12, 57.69, 233.4
1.784994913541E12, 58.2, 235.5
1.784994914066E12, 58.69, 237.4
1.784994914592E12, 59.2, 239.4
1.784994915041E12, 59.69, 241.60000000000002
1.784994915567E12, 60.2, 243.70000000000002
1.784994916091E12, 60.69, 245.60000000000002
1.784994916541E12, 61.19, 247.5
1.784994917066E12, 61.7, 249.8
1.784994917591E12, 62.190000000000005, 252.0
1.784994918041E12, 62.690000000000005, 254.0
1.784994918566E12, 63.190000000000005, 256.0
1.784994919091E12, 63.690000000000005, 258.1
1.784994919541E12, 64.19, 260.40000000000003
1.784994920066E12, 64.68, 262.40000000000003
1.784994920591E12, 65.19, 264.40000000000003
1.784994921041E12, 65.69, 266.40000000000003
1.784994921566E12, 66.19, 268.7
1.784994922091E12, 66.69, 270.8
1.784994922541E12, 67.19, 272.7
1.784994923066E12, 67.7, 274.7
1.78499492359E12, 68.19, 276.90000000000003
1.784994924041E12, 68.69, 279.0
1.784994924567E12, 69.19, 281.0
1.784994925092E12, 69.69, 282.90000000000003
1.784994925541E12, 70.19, 285.1
1.784994926066E12, 70.7, 287.40000000000003
1.784994926592E12, 71.18, 289.40000000000003
1.784994927041E12, 71.68, 291.40000000000003
1.784994927566E12, 72.2, 293.5
1.784994928091E12, 72.69, 295.8
1.784994928541E12, 73.18, 297.90000000000003
1.784994929066E12, 73.7, 299.90000000000003
1.784994929592E12, 74.19, 301.90000000000003
1.784994930042E12, 74.69, 304.1
1.784994930566E12, 75.2, 306.3
1.784994931092E12, 75.69, 308.3
1.784994931541E12, 76.19, 310.20000000000005
1.784994932066E12, 76.7, 312.40000000000003
1.784994932591E12, 77.19, 314.6
1.78499493304E12, 77.69, 316.6
1.784994933565E12, 78.19, 318.5
1.78499493409E12, 78.69, 320.6
1.784994934541E12, 79.19, 322.8
1.784994935066E12, 79.69, 324.8
1.784994935666E12, 80.18, 326.70000000000005
1.784994936041E12, 80.69, 328.8
1.784994936566E12, 81.19, 331.0
1.784994937091E12, 81.68, 333.0
1.784994937541E12, 82.19, 335.0
1.784994938066E12, 82.68, 336.90000000000003
1.784994938592E12, 83.19, 339.1
1.784994939041E12, 83.69, 341.3
1.784994939566E12, 84.18, 343.20000000000005
1.784994940091E12, 84.69, 345.1
1.784994940542E12, 85.19, 347.20000000000005
1.784994941065E12, 85.69, 349.40000000000003
1.784994941592E12, 86.19, 351.40000000000003
1.784994942041E12, 86.69, 353.3
1.784994942566E12, 87.19, 355.3
1.784994943091E12, 87.69, 357.5
1.784994943541E12, 88.2, 359.6
1.784994944066E12, 88.68, 361.5
1.784994944591E12, 89.18, 363.40000000000003
1.784994945042E12, 89.69, 365.70000000000005
1.784994945565E12, 90.2, 367.8
1.78499494609E12, 90.69, 369.8
1.784994946543E12, 91.19, 371.70000000000005
1.784994947065E12, 91.69, 373.8
1.784994947591E12, 92.19, 376.0
1.78499494804E12, 92.68, 378.0
1.784994948566E12, 93.18, 379.90000000000003
1.784994949091E12, 93.69, 381.90000000000003
1.784994949541E12, 94.19, 384.20000000000005
1.784994950065E12, 94.7, 386.3
1.784994950591E12, 95.18, 388.20000000000005
1.784994951041E12, 95.68, 390.1
1.784994951565E12, 96.2, 392.40000000000003
1.784994952091E12, 96.7, 394.6
1.78499495254E12, 97.2, 396.6
1.784994953066E12, 97.69, 398.5
1.784994953515E12, 98.16, 400.40000000000003
1.784994953591E12, 98.19, 400.6
1.784994954041E12, 98.7, 402.8
1.784994954566E12, 99.19, 404.90000000000003
1.78499495509E12, 99.69, 406.8
1.784994955541E12, 100.18, 408.70000000000005
1.784994956065E12, 100.69, 411.0
1.78499495659E12, 101.19, 413.1
1.78499495704E12, 101.69, 415.0
1.784994957565E12, 102.19, 416.90000000000003
1.78499495809E12, 102.68, 419.0
1.784994958616E12, 103.19, 421.20000000000005
1.784994959066E12, 103.7, 423.20000000000005
1.78499495959E12, 104.18, 425.1
1.78499496004E12, 104.69, 427.0
1.784994960565E12, 105.18, 429.20000000000005
1.78499496109E12, 105.69, 431.3
1.784994961541E12, 106.19, 433.3
1.784994962066E12, 106.68, 435.1
1.784994962591E12, 107.19, 437.3
1.784994963041E12, 107.69, 439.40000000000003
1.784994963565E12, 108.18, 441.3
1.78499496409E12, 108.68, 443.20000000000005
1.78499496454E12, 109.18, 445.1
1.784994965065E12, 109.69, 447.40000000000003
1.78499496559E12, 110.18, 449.40000000000003
1.78499496604E12, 110.69, 451.3
1.784994966566E12, 111.19, 453.20000000000005
1.78499496709E12, 111.69, 455.3
1.784994967541E12, 112.19, 457.6
1.784994968065E12, 112.68, 459.6
1.78499496859E12, 113.19, 461.6
1.78499496904E12, 113.69, 463.6
1.784994969565E12, 114.19, 465.70000000000005
1.78499497009E12, 114.68, 467.8
1.78499497054E12, 115.18, 469.70000000000005
1.784994971065E12, 115.69, 471.6
1.78499497159E12, 116.2, 473.70000000000005
1.78499497204E12, 116.69, 475.8
1.784994972566E12, 117.18, 477.8
1.78499497309E12, 117.68, 479.70000000000005
1.78499497354E12, 118.19, 481.70000000000005
1.784994974065E12, 118.7, 484.0
1.784994974591E12, 119.19, 486.1
1.784994975039E12, 119.68, 488.1
1.784994975565E12, 120.18, 490.0
1.78499497609E12, 120.69, 492.20000000000005
1.78499497654E12, 121.18, 494.40000000000003
1.784994977065E12, 121.69, 496.40000000000003
1.78499497759E12, 122.19, 498.3
1.78499497804E12, 122.69, 500.20000000000005
1.784994978565E12, 123.19, 502.5
1.78499497909E12, 123.69, 504.5
1.784994979539E12, 124.17, 506.40000000000003
1.784994980065E12, 124.69, 508.40000000000003
1.78499498059E12, 125.19, 510.6
1.78499498104E12, 125.69, 512.7
1.784994981565E12, 126.19, 514.6
1.784994982091E12, 126.68, 516.5
1.78499498254E12, 127.18, 518.6
1.784994983065E12, 127.68, 520.7
1.784994983591E12, 128.18, 522.8000000000001
1.784994984041E12, 128.68, 524.7
1.784994984565E12, 129.19, 526.6
1.78499498509E12, 129.69, 528.9
1.784994985541E12, 130.19, 531.0
1.784994986065E12, 130.69, 533.0
1.784994986591E12, 131.18, 534.8000000000001
1.78499498704E12, 131.68, 536.9
1.784994987565E12, 132.19, 539.1
1.78499498809E12, 132.69, 541.1
1.784994988541E12, 133.19, 543.0
1.784994989065E12, 133.69, 545.0
1.78499498959E12, 134.19, 547.2
1.78499499004E12, 134.69, 549.2
1.784994990564E12, 135.18, 551.1
1.78499499109E12, 135.69, 553.1
1.78499499154E12, 136.19, 555.3000000000001
1.784994992065E12, 136.68, 557.4
1.78499499259E12, 137.18, 559.4
1.78499499304E12, 137.68, 561.3000000000001
1.784994993565E12, 138.18, 563.5
1.78499499409E12, 138.69, 565.6
1.78499499454E12, 139.18, 567.6
1.784994995064E12, 139.68, 569.5
1.78499499559E12, 140.19, 571.5
1.78499499604E12, 140.69, 573.7
1.784994996565E12, 141.19, 575.7
1.78499499709E12, 141.68, 577.6
1.784994997539E12, 142.18, 579.5
1.784994998065E12, 142.70000000000002, 581.8000000000001
1.78499499859E12, 143.19, 583.9
1.78499499904E12, 143.68, 585.8000000000001
1.784994999565E12, 144.19, 587.7
1.78499500009E12, 144.69, 589.9
1.78499500054E12, 145.19, 592.1
1.784995001065E12, 145.68, 594.2
1.78499500159E12, 146.18, 596.1
1.78499500204E12, 146.69, 598.2
1.78499500249E12, 147.12, 600.1
1.784995002565E12, 147.18, 600.4
1.784995003089E12, 147.68, 602.5
1.78499500354E12, 148.18, 604.5
1.784995004065E12, 148.68, 606.4
1.78499500459E12, 149.19, 608.6
1.784995005039E12, 149.68, 610.7
1.784995005565E12, 150.17000000000002, 612.6
1.78499500609E12, 150.68, 614.5
1.78499500654E12, 151.18, 616.6
1.784995007064E12, 151.68, 618.7
1.78499500759E12, 152.18, 620.8000000000001
1.78499500804E12, 152.68, 622.7
1.784995008564E12, 153.18, 624.6
1.78499500909E12, 153.69, 626.8000000000001
1.78499500954E12, 154.19, 628.9000000000001
1.784995010064E12, 154.69, 630.9000000000001
1.78499501059E12, 155.17000000000002, 632.7
1.784995011039E12, 155.69, 634.9000000000001
1.784995011565E12, 156.19, 637.0
1.784995012165E12, 156.68, 638.9000000000001
1.78499501254E12, 157.18, 640.8000000000001
1.784995013065E12, 157.69, 642.8000000000001
1.784995013589E12, 158.19, 645.0
1.784995014039E12, 158.69, 647.0
1.784995014639E12, 159.18, 648.9000000000001
1.784995015089E12, 159.69, 650.8000000000001
1.784995015539E12, 160.19, 652.9000000000001
1.784995016064E12, 160.69, 655.0
1.784995016589E12, 161.18, 657.0
1.78499501704E12, 161.67000000000002, 658.8000000000001
1.784995017565E12, 162.18, 660.9000000000001
1.784995018089E12, 162.69, 663.0
1.784995018539E12, 163.18, 665.0
1.784995019064E12, 163.68, 666.9000000000001
1.784995019589E12, 164.19, 668.8000000000001
1.784995020039E12, 164.68, 670.9000000000001
1.784995020564E12, 165.18, 672.9000000000001
1.784995021089E12, 165.68, 674.8000000000001
1.784995021539E12, 166.18, 676.6
1.784995022064E12, 166.69, 678.7
1.78499502259E12, 167.18, 680.7
1.78499502304E12, 167.68, 682.7
1.784995023565E12, 168.19, 684.6
1.784995024089E12, 168.69, 686.5
1.784995024539E12, 169.19, 688.7
1.784995025064E12, 169.69, 690.8000000000001
1.784995025589E12, 170.18, 692.6
1.784995026114E12, 170.69, 694.5
1.784995026564E12, 171.19, 696.7
1.784995027089E12, 171.68, 698.8000000000001
1.78499502754E12, 172.17000000000002, 700.8000000000001
1.784995028064E12, 172.68, 702.7
1.784995028664E12, 173.18, 704.7
1.78499502904E12, 173.68, 706.9000000000001
1.784995029565E12, 174.19, 708.9000000000001
1.784995030091E12, 174.67000000000002, 710.7
1.78499503054E12, 175.18, 712.6
1.784995031064E12, 175.69, 714.8000000000001
1.78499503159E12, 176.18, 716.8000000000001
1.784995032039E12, 176.68, 718.8000000000001
1.784995032564E12, 177.18, 720.6
1.784995033089E12, 177.68, 722.6
1.784995033539E12, 178.18, 724.7
1.784995034064E12, 178.69, 726.8000000000001
1.784995034589E12, 179.18, 728.6
1.784995035039E12, 179.68, 730.5
1.784995035564E12, 180.18, 732.6
1.784995036089E12, 180.68, 734.6
1.784995036539E12, 181.18, 736.5
1.784995037063E12, 181.67000000000002, 738.2
1.784995037589E12, 182.18, 740.4000000000001
1.784995038039E12, 182.68, 742.5
1.784995038564E12, 183.18, 744.4000000000001
1.784995039089E12, 183.67000000000002, 746.2
1.784995039538E12, 184.19, 748.4000000000001
1.784995040064E12, 184.68, 750.7
1.784995040589E12, 185.19, 752.9000000000001
1.784995041038E12, 185.69, 755.0
1.784995041564E12, 186.17000000000002, 756.8000000000001
1.784995042089E12, 186.69, 759.1
1.784995042539E12, 187.18, 761.2
1.784995043064E12, 187.68, 763.2
1.784995043589E12, 188.17000000000002, 765.0
1.784995044039E12, 188.69, 767.2
1.784995044563E12, 189.18, 769.3000000000001
1.784995045089E12, 189.68, 771.3000000000001
1.784995045539E12, 190.18, 773.2
1.784995046063E12, 190.69, 775.2
1.784995046588E12, 191.18, 777.3000000000001
1.784995047038E12, 191.68, 779.3000000000001
1.784995047565E12, 192.18, 781.2
1.784995048088E12, 192.68, 783.0
1.784995048538E12, 193.17000000000002, 785.1
1.784995049064E12, 193.68, 787.2
1.784995049588E12, 194.17000000000002, 789.1
1.784995050038E12, 194.67000000000002, 790.9000000000001
1.784995050563E12, 195.18, 793.0
1.784995051088E12, 195.68, 795.1
1.784995051539E12, 196.18, 797.1
1.784995052062E12, 196.67000000000002, 798.9000000000001
1.784995052364E12, 197.03, 800.2
1.784995052589E12, 197.19, 800.9000000000001
1.784995053038E12, 197.67000000000002, 803.0
1.784995053564E12, 198.18, 805.0
1.784995054088E12, 198.67000000000002, 806.9000000000001
1.784995054538E12, 199.19, 808.8000000000001
1.784995055063E12, 199.68, 810.9000000000001
1.784995055589E12, 200.19, 813.0
1.784995056038E12, 200.67000000000002, 814.9000000000001
1.784995056564E12, 201.17000000000002, 816.7
1.784995057088E12, 201.68, 818.8000000000001
1.784995057539E12, 202.19, 821.0
1.784995058063E12, 202.68, 823.0
1.784995058588E12, 203.18, 824.8000000000001
1.784995059038E12, 203.69, 826.9000000000001
1.784995059563E12, 204.18, 829.1
1.784995060088E12, 204.68, 831.1
1.784995060538E12, 205.17000000000002, 833.0
1.784995061064E12, 205.68, 834.9000000000001
1.784995061588E12, 206.19, 837.2
1.784995062038E12, 206.69, 839.3000000000001
1.784995062564E12, 207.17000000000002, 841.2
1.784995063088E12, 207.67000000000002, 843.1
1.784995063538E12, 208.18, 845.3000000000001
1.784995064063E12, 208.68, 847.4000000000001
1.784995064588E12, 209.18, 849.3000000000001
1.784995065039E12, 209.67000000000002, 851.2
1.784995065563E12, 210.18, 853.3000000000001
1.784995066088E12, 210.69, 855.6
1.784995066539E12, 211.19, 857.7
1.784995067063E12, 211.68, 859.7
1.784995067589E12, 212.17000000000002, 861.6
1.784995068038E12, 212.68, 863.9000000000001
1.784995068563E12, 213.18, 865.9000000000001
1.784995069088E12, 213.68, 867.9000000000001
1.784995069539E12, 214.17000000000002, 869.8000000000001
1.784995070063E12, 214.69, 872.0
1.784995070588E12, 215.17000000000002, 874.0
1.784995071038E12, 215.68, 876.0
1.784995071563E12, 216.17000000000002, 877.8000000000001
1.784995072088E12, 216.69, 880.0
1.784995072538E12, 217.18, 882.0
1.784995073063E12, 217.68, 884.0
1.784995073589E12, 218.18, 885.8000000000001
1.784995074038E12, 218.68, 887.8000000000001
1.784995074563E12, 219.18, 889.9000000000001
1.784995075088E12, 219.67000000000002, 891.8000000000001
1.784995075538E12, 220.18, 893.6
1.784995076063E12, 220.67000000000002, 895.5
1.784995076588E12, 221.18, 897.6
1.78499507704E12, 221.67000000000002, 899.6
1.784995077563E12, 222.17000000000002, 901.5
1.784995078088E12, 222.67000000000002, 903.3000000000001
1.784995078538E12, 223.19, 905.5
1.784995079063E12, 223.67000000000002, 907.5
1.784995079664E12, 224.17000000000002, 909.5
1.784995080038E12, 224.68, 911.4000000000001
1.784995080562E12, 225.18, 913.2
1.784995081088E12, 225.69, 915.3000000000001
1.784995081538E12, 226.17000000000002, 917.2
1.784995082063E12, 226.68, 919.1
1.784995082589E12, 227.18, 920.8000000000001
1.784995083038E12, 227.69, 923.0
1.784995083562E12, 228.18, 925.0
1.784995084088E12, 228.67000000000002, 926.9000000000001
1.784995084539E12, 229.17000000000002, 928.7
1.784995085062E12, 229.68, 930.6
1.784995085588E12, 230.17000000000002, 932.7
1.784995086037E12, 230.67000000000002, 934.6
1.784995086562E12, 231.17000000000002, 936.4000000000001
1.784995087088E12, 231.68, 938.3000000000001
1.784995087538E12, 232.18, 940.3000000000001
1.784995088063E12, 232.67000000000002, 942.3000000000001
1.784995088587E12, 233.18, 944.1
1.784995089037E12, 233.68, 945.9000000000001
1.784995089563E12, 234.19, 947.8000000000001
1.784995090088E12, 234.67000000000002, 949.8000000000001
1.784995090537E12, 235.18, 951.8000000000001
1.784995091062E12, 235.67000000000002, 953.5
1.784995091587E12, 236.18, 955.3000000000001
1.784995092038E12, 236.67000000000002, 957.3000000000001
1.784995092563E12, 237.18, 959.3000000000001
1.784995093087E12, 237.68, 961.1
1.784995093537E12, 238.18, 962.8000000000001
1.784995094063E12, 238.68, 964.8000000000001
1.784995094588E12, 239.17000000000002, 966.8000000000001
1.784995095038E12, 239.67000000000002, 968.8000000000001
1.784995095562E12, 240.17000000000002, 970.6
1.784995096087E12, 240.68, 972.5
1.784995096537E12, 241.17000000000002, 974.5
1.784995097062E12, 241.67000000000002, 976.5
1.784995097588E12, 242.18, 978.4000000000001
1.784995098038E12, 242.68, 980.1
1.784995098562E12, 243.17000000000002, 982.0
1.784995099087E12, 243.68, 983.9000000000001
1.784995099538E12, 244.18, 985.8000000000001
1.784995100063E12, 244.67000000000002, 987.4000000000001
1.784995100587E12, 245.18, 989.3000000000001
1.784995101037E12, 245.68, 991.3000000000001
1.784995101563E12, 246.18, 993.2
1.784995102087E12, 246.67000000000002, 995.0
1.784995102612E12, 247.17000000000002, 996.8000000000001
1.784995103063E12, 247.68, 998.6
1.784995103588E12, 248.09, 1000.0
1.784995103663E12, 248.09, 1000.0
1.784995104037E12, 248.09, 1000.0
1.784995104563E12, 248.09, 1000.0
1.784995105088E12, 248.09, 1000.0
1.784995105538E12, 248.09, 1000.0
1.784995106062E12, 248.09, 1000.0
1.784995106587E12, 248.09, 1000.0
1.784995107037E12, 248.09, 1000.0
1.784995107562E12, 248.09, 1000.0
1.784995108088E12, 248.09, 1000.0
1.784995108537E12, 248.09, 1000.0
1.784995109062E12, 248.09, 1000.0
1.784995109588E12, 248.09, 1000.0
1.784995110038E12, 248.09, 1000.0
1.784995110562E12, 248.09, 1000.0
1.784995111087E12, 248.09, 1000.0
1.784995111537E12, 248.09, 1000.0
1.784995112062E12, 248.09, 1000.0
1.784995112588E12, 248.09, 1000.0
1.784995113037E12, 248.09, 1000.0
1.784995113562E12, 248.09, 1000.0
1.784995114088E12, 248.09, 1000.0
1.784995114538E12, 248.09, 1000.0
1.784995115062E12, 248.09, 1000.0
1.784995115587E12, 248.09, 1000.0
1.784995116038E12, 248.09, 1000.0
1.784995116563E12, 248.09, 1000.0
1.784995117088E12, 248.09, 1000.0
1.784995117537E12, 248.09, 1000.0
1.784995118062E12, 248.09, 1000.0
1.784995118588E12, 248.09, 1000.0
1.784995119037E12, 248.09, 1000.0
1.784995119562E12, 248.09, 1000.0
1.784995120087E12, 248.09, 1000.0
1.784995120538E12, 248.09, 1000.0
1.784995121062E12, 248.09, 1000.0
1.784995121587E12, 248.09, 1000.0
1.784995122037E12, 248.09, 1000.0
1.784995122562E12, 248.09, 1000.0
1.784995123087E12, 248.09, 1000.0
1.784995123537E12, 248.09, 1000.0
1.784995124062E12, 248.09, 1000.0
1.784995124587E12, 248.09, 1000.0
1.784995125037E12, 248.09, 1000.0
1.784995125562E12, 248.09, 1000.0
1.784995126087E12, 248.09, 1000.0
1.784995126537E12, 248.09, 1000.0
1.784995127062E12, 248.09, 1000.0
1.784995127587E12, 248.09, 1000.0
1.784995128112E12, 248.09, 1000.0
1.784995128562E12, 248.09, 1000.0
1.784995129087E12, 248.09, 1000.0
1.784995129537E12, 248.09, 1000.0
1.784995130062E12, 248.09, 1000.0
1.784995130587E12, 248.09, 1000.0
1.784995131037E12, 248.09, 1000.0
1.784995131562E12, 248.09, 1000.0
1.784995132087E12, 248.09, 1000.0
1.784995132537E12, 248.09, 1000.0
1.784995133063E12, 248.09, 1000.0
1.784995133588E12, 248.09, 1000.0
1.784995134036E12, 248.09, 1000.0
1.784995134562E12, 248.09, 1000.0
1.784995135087E12, 248.09, 1000.0
1.784995135536E12, 248.09, 1000.0
1.784995136061E12, 248.09, 1000.0
1.784995136587E12, 248.09, 1000.0
1.784995137037E12, 248.09, 1000.0
1.784995137562E12, 248.09, 1000.0
1.784995138087E12, 248.09, 1000.0
1.784995138537E12, 248.09, 1000.0
1.784995139061E12, 248.09, 1000.0
1.784995139587E12, 248.09, 1000.0
1.784995140036E12, 248.09, 1000.0
1.784995140561E12, 248.09, 1000.0
1.784995141087E12, 248.09, 1000.0
1.784995141536E12, 248.09, 1000.0
1.784995142062E12, 248.09, 1000.0
1.784995142587E12, 248.09, 1000.0
1.784995143037E12, 248.09, 1000.0
1.784995143562E12, 248.09, 1000.0
1.784995144086E12, 248.09, 1000.0
1.784995144536E12, 248.09, 1000.0
1.784995145061E12, 248.09, 1000.0
1.784995145587E12, 248.09, 1000.0
1.784995146037E12, 248.09, 1000.0
1.784995146562E12, 248.09, 1000.0
1.784995147087E12, 248.09, 1000.0
1.784995147536E12, 248.09, 1000.0
1.784995148061E12, 248.09, 1000.0
1.784995148585E12, 248.09, 1000.0
1.784995149036E12, 248.09, 1000.0
1.78499514956E12, 248.09, 1000.0
1.784995150086E12, 248.09, 1000.0
1.784995150536E12, 248.09, 1000.0
1.784995151061E12, 248.09, 1000.0
1.784995151586E12, 248.09, 1000.0
1.784995152035E12, 248.09, 1000.0
1.78499515256E12, 248.09, 1000.0
1.784995153086E12, 248.09, 1000.0
1.784995153537E12, 248.09, 1000.0
1.784995154062E12, 248.09, 1000.0
1.784995154586E12, 248.09, 1000.0
1.784995155036E12, 248.09, 1000.0
1.784995155561E12, 248.09, 1000.0
1.784995156161E12, 248.09, 1000.0
1.784995156535E12, 248.09, 1000.0
1.78499515706E12, 248.09, 1000.0
1.784995157586E12, 248.09, 1000.0
1.784995158036E12, 248.09, 1000.0
1.78499515856E12, 248.09, 1000.0
1.784995159086E12, 248.09, 1000.0
1.784995159536E12, 248.09, 1000.0
1.78499516006E12, 248.09, 1000.0
1.784995160587E12, 248.09, 1000.0
1.784995161036E12, 248.09, 1000.0
1.784995161561E12, 248.09, 1000.0
1.784995162086E12, 248.09, 1000.0
1.784995162536E12, 248.09, 1000.0
1.784995163061E12, 248.09, 1000.0
1.784995163587E12, 248.09, 1000.0
1.784995164036E12, 248.09, 1000.0
1.784995164561E12, 248.09, 1000.0
1.784995165087E12, 248.09, 1000.0
1.784995165537E12, 248.09, 1000.0
1.784995166062E12, 248.09, 1000.0
1.784995166586E12, 248.09, 1000.0
1.784995167037E12, 248.09, 1000.0
1.784995167562E12, 248.09, 1000.0
1.784995168086E12, 248.09, 1000.0
1.784995168536E12, 248.09, 1000.0
1.784995169061E12, 248.09, 1000.0
1.784995169586E12, 248.09, 1000.0
1.784995170036E12, 248.09, 1000.0
1.784995170561E12, 248.09, 1000.0
1.784995171086E12, 248.09, 1000.0
1.784995171536E12, 248.09, 1000.0
1.784995172062E12, 248.09, 1000.0
1.784995172586E12, 248.09, 1000.0
1.784995173036E12, 248.09, 1000.0
1.784995173561E12, 248.09, 1000.0
1.784995174086E12, 248.09, 1000.0
1.784995174536E12, 248.09, 1000.0
1.784995175061E12, 248.09, 1000.0
1.784995175586E12, 248.09, 1000.0
1.784995176036E12, 248.09, 1000.0
1.78499517656E12, 248.09, 1000.0
1.784995177085E12, 248.09, 1000.0
1.784995177535E12, 248.09, 1000.0
1.78499517806E12, 248.09, 1000.0
1.784995178585E12, 248.09, 1000.0
1.78499517911E12, 248.09, 1000.0
1.784995179561E12, 248.09, 1000.0
1.784995180088E12, 248.09, 1000.0
1.784995180536E12, 248.09, 1000.0
1.78499518106E12, 248.09, 1000.0
1.784995181586E12, 248.09, 1000.0
1.784995182035E12, 248.09, 1000.0
1.784995182561E12, 248.09, 1000.0
1.784995183085E12, 248.09, 1000.0
1.784995183535E12, 248.09, 1000.0
1.78499518406E12, 248.09, 1000.0
1.784995184585E12, 248.09, 1000.0
1.784995185035E12, 248.09, 1000.0
1.784995185561E12, 248.09, 1000.0
1.784995186086E12, 248.09, 1000.0
1.784995186536E12, 248.09, 1000.0
1.784995187061E12, 248.09, 1000.0
1.784995187585E12, 248.09, 1000.0
1.784995188035E12, 248.09, 1000.0
1.784995188561E12, 248.09, 1000.0
1.784995189085E12, 248.09, 1000.0
1.784995189535E12, 248.09, 1000.0
1.784995190061E12, 248.09, 1000.0
1.784995190585E12, 248.09, 1000.0
1.784995191036E12, 248.09, 1000.0
1.78499519156E12, 248.09, 1000.0
1.784995192085E12, 248.09, 1000.0
1.784995192535E12, 248.09, 1000.0
1.784995193061E12, 248.09, 1000.0
1.784995193586E12, 248.09, 1000.0
1.784995194036E12, 248.09, 1000.0
1.784995194561E12, 248.09, 1000.0
1.784995195161E12, 248.09, 1000.0
1.78499519561E12, 248.09, 1000.0
1.78499519606E12, 248.09, 1000.0
1.784995196586E12, 248.09, 1000.0
1.784995197035E12, 248.09, 1000.0
1.78499519756E12, 248.09, 1000.0
1.78499519816E12, 248.09, 1000.0
1.784995198535E12, 248.09, 1000.0
1.78499519906E12, 248.09, 1000.0
1.784995199586E12, 248.09, 1000.0
1.784995200035E12, 248.09, 1000.0
1.78499520056E12, 248.09, 1000.0
1.784995201087E12, 248.09, 1000.0
1.784995201535E12, 248.09, 1000.0
1.78499520206E12, 248.09, 1000.0
1.784995202586E12, 248.09, 1000.0
1.784995203036E12, 248.09, 1000.0
1.78499520356E12, 248.09, 1000.0
1.784995204086E12, 248.09, 1000.0
1.784995204535E12, 248.09, 1000.0
1.78499520506E12, 248.09, 1000.0
1.784995205586E12, 248.09, 1000.0
1.784995206035E12, 248.09, 1000.0
1.78499520656E12, 248.09, 1000.0
1.784995207085E12, 248.09, 1000.0
1.784995207535E12, 248.09, 1000.0
1.78499520806E12, 248.09, 1000.0
1.784995208585E12, 248.09, 1000.0
1.784995209035E12, 248.09, 1000.0
1.784995209636E12, 248.09, 1000.0
1.784995210085E12, 248.09, 1000.0
1.784995210535E12, 248.09, 1000.0
1.78499521106E12, 248.09, 1000.0
1.784995211586E12, 248.09, 1000.0
1.784995212035E12, 248.09, 1000.0
1.784995212561E12, 248.09, 1000.0
1.784995213086E12, 248.09, 1000.0
1.784995213536E12, 248.09, 1000.0
1.78499521406E12, 248.09, 1000.0
1.784995214586E12, 248.09, 1000.0
1.784995215035E12, 248.09, 1000.0
1.78499521556E12, 248.09, 1000.0
1.784995216086E12, 248.09, 1000.0
1.784995216535E12, 248.09, 1000.0
1.784995217061E12, 248.09, 1000.0
1.784995217585E12, 248.09, 1000.0
1.784995218035E12, 248.09, 1000.0
1.78499521856E12, 248.09, 1000.0
1.784995219085E12, 248.09, 1000.0
1.784995219535E12, 248.09, 1000.0
1.78499522006E12, 248.09, 1000.0
1.784995220585E12, 248.09, 1000.0
1.784995221109E12, 248.09, 1000.0
1.78499522156E12, 248.09, 1000.0
1.784995222085E12, 248.09, 1000.0
1.784995222536E12, 248.09, 1000.0
1.784995223061E12, 248.09, 1000.0
1.784995223661E12, 248.09, 1000.0
1.784995224034E12, 248.09, 1000.0
1.78499522456E12, 248.09, 1000.0
1.784995225085E12, 248.09, 1000.0
1.784995225535E12, 248.09, 1000.0
1.78499522606E12, 248.09, 1000.0
1.784995226585E12, 248.09, 1000.0
1.784995227035E12, 248.09, 1000.0
1.78499522756E12, 248.09, 1000.0
1.784995228085E12, 248.09, 1000.0
1.784995228535E12, 248.09, 1000.0
1.78499522906E12, 248.09, 1000.0
1.784995229585E12, 248.09, 1000.0
1.78499523011E12, 248.09, 1000.0
1.78499523056E12, 248.09, 1000.0
1.784995231084E12, 248.09, 1000.0
1.784995231534E12, 248.09, 1000.0
1.784995232059E12, 248.09, 1000.0
1.784995232586E12, 248.09, 1000.0
1.784995233035E12, 248.09, 1000.0
1.78499523356E12, 248.09, 1000.0
1.784995234084E12, 248.09, 1000.0
1.784995234535E12, 248.09, 1000.0
1.784995235134E12, 248.09, 1000.0
1.784995235585E12, 248.09, 1000.0
1.784995236036E12, 248.09, 1000.0
1.78499523656E12, 248.09, 1000.0
1.784995237084E12, 248.09, 1000.0
1.784995237535E12, 248.09, 1000.0
1.78499523806E12, 248.09, 1000.0
1.784995238585E12, 248.09, 1000.0
1.784995239034E12, 248.09, 1000.0
1.78499523956E12, 248.09, 1000.0
1.784995240085E12, 248.09, 1000.0
1.784995240535E12, 248.09, 1000.0
1.784995241059E12, 248.09, 1000.0
1.784995241584E12, 248.09, 1000.0
1.784995242034E12, 248.09, 1000.0
1.78499524256E12, 248.09, 1000.0
1.784995243086E12, 248.09, 1000.0
1.784995243535E12, 248.09, 1000.0
1.784995244059E12, 248.09, 1000.0
1.784995244585E12, 248.09, 1000.0
1.784995245035E12, 248.09, 1000.0
1.78499524556E12, 248.09, 1000.0
1.784995246085E12, 248.09, 1000.0
1.784995246609E12, 248.09, 1000.0
1.784995247059E12, 248.09, 1000.0
1.784995247585E12, 248.09, 1000.0
1.784995248035E12, 248.09, 1000.0
1.78499524856E12, 248.09, 1000.0
1.784995249159E12, 248.09, 1000.0
1.784995249534E12, 248.09, 1000.0
1.784995250059E12, 248.09, 1000.0
1.784995250585E12, 248.09, 1000.0
1.784995251035E12, 248.09, 1000.0
1.784995251559E12, 248.09, 1000.0
1.784995252085E12, 248.09, 1000.0
1.784995252534E12, 248.09, 1000.0
1.784995253059E12, 248.09, 1000.0
1.784995253585E12, 248.09, 1000.0
1.784995254034E12, 248.09, 1000.0
1.784995254559E12, 248.09, 1000.0
1.784995255084E12, 248.09, 1000.0
1.784995255534E12, 248.09, 1000.0
1.78499525606E12, 248.09, 1000.0
1.784995256584E12, 248.09, 1000.0
1.784995257034E12, 248.09, 1000.0
1.784995257559E12, 248.09, 1000.0
1.784995258084E12, 248.09, 1000.0
1.784995258534E12, 248.09, 1000.0
1.784995259058E12, 248.09, 1000.0
1.784995259584E12, 248.09, 1000.0
1.784995260034E12, 248.09, 1000.0
1.784995260635E12, 248.09, 1000.0
1.784995261085E12, 248.09, 1000.0
1.784995261534E12, 248.09, 1000.0
1.784995262059E12, 248.09, 1000.0
1.784995262584E12, 248.09, 1000.0
1.784995263034E12, 248.09, 1000.0
1.784995263559E12, 248.09, 1000.0
1.784995264084E12, 248.09, 1000.0
1.784995264534E12, 248.09, 1000.0
1.784995265059E12, 248.09, 1000.0
1.784995265584E12, 248.09, 1000.0
1.784995266034E12, 248.09, 1000.0
1.784995266559E12, 248.09, 1000.0
1.784995267084E12, 248.09, 1000.0
1.784995267534E12, 248.09, 1000.0
1.784995268059E12, 248.09, 1000.0
1.784995268584E12, 248.09, 1000.0
1.784995269033E12, 248.09, 1000.0
1.784995269559E12, 248.09, 1000.0
1.784995270084E12, 248.09, 1000.0
1.784995270534E12, 248.09, 1000.0
1.784995271059E12, 248.09, 1000.0
1.784995271584E12, 248.09, 1000.0
1.784995272109E12, 248.09, 1000.0
1.784995272559E12, 248.09, 1000.0
1.784995273159E12, 248.09, 1000.0
1.784995273533E12, 248.09, 1000.0
1.784995274059E12, 248.09, 1000.0
1.784995274659E12, 248.09, 1000.0
1.784995275034E12, 248.09, 1000.0
1.78499527556E12, 248.09, 1000.0
1.784995276083E12, 248.09, 1000.0
1.784995276533E12, 248.09, 1000.0
1.784995277058E12, 248.09, 1000.0
1.784995277583E12, 248.09, 1000.0
1.784995278033E12, 248.09, 1000.0
1.784995278558E12, 248.09, 1000.0
1.784995279084E12, 248.09, 1000.0
1.784995279533E12, 248.09, 1000.0
1.784995280059E12, 248.09, 1000.0
1.784995280584E12, 248.09, 1000.0
1.784995281034E12, 248.09, 1000.0
1.784995281559E12, 248.09, 1000.0
1.784995282084E12, 248.09, 1000.0
1.784995282534E12, 248.09, 1000.0
1.784995283058E12, 248.09, 1000.0
1.784995283583E12, 248.09, 1000.0
1.784995284034E12, 248.09, 1000.0
1.784995284559E12, 248.09, 1000.0
1.784995285084E12, 248.09, 1000.0
1.784995285533E12, 248.09, 1000.0
1.784995286058E12, 248.09, 1000.0
1.784995286585E12, 248.09, 1000.0
1.784995287034E12, 248.09, 1000.0
1.784995287559E12, 248.09, 1000.0
1.784995288083E12, 248.09, 1000.0
1.784995288534E12, 248.09, 1000.0
1.784995289059E12, 248.09, 1000.0
1.784995289584E12, 248.09, 1000.0
1.784995290034E12, 248.09, 1000.0
1.784995290558E12, 248.09, 1000.0
1.784995291084E12, 248.09, 1000.0
1.784995291533E12, 248.09, 1000.0
1.784995292058E12, 248.09, 1000.0
1.784995292583E12, 248.09, 1000.0
1.784995293033E12, 248.09, 1000.0
