1.785140406348E12, 0.0, 0.0
1.785140406797E12, 0.0, 0.0
1.785140407397E12, 0.0, 0.0
1.785140407848E12, 0.0, 0.0
1.785140408298E12, 0.0, 0.0
1.785140408824E12, 0.0, 0.0
1.785140409347E12, 0.0, 0.0
1.785140409798E12, 0.0, 0.0
1.785140410321E12, 0.0, 0.0
1.785140410848E12, 0.0, 0.0
1.785140411298E12, 0.0, 0.0
1.785140411899E12, 0.0, 0.0
1.785140412348E12, 0.0, 0.0
1.785140412798E12, 0.0, 0.0
1.785140413323E12, 0.0, 0.0
1.785140413848E12, 0.0, 0.0
1.785140414297E12, 0.0, 0.0
1.785140414822E12, 0.0, 0.0
1.785140415347E12, 0.0, 0.0
1.785140415797E12, 0.0, 0.0
1.785140416396E12, 0.0, 0.0
1.785140416848E12, 0.0, 0.0
1.785140417299E12, 0.0, 0.0
1.785140417822E12, 0.0, 0.0
1.785140418347E12, 0.0, 0.0
1.785140418798E12, 0.0, 0.0
1.785140419323E12, 0.0, 0.0
1.785140419849E12, 0.0, 0.0
1.785140420297E12, 0.0, 0.0
1.785140420897E12, 0.0, 0.0
1.785140421348E12, 0.0, 0.0
1.785140421799E12, 0.0, 0.0
1.785140422322E12, 0.0, 0.0
1.785140422847E12, 0.0, 0.0
1.785140423373E12, 0.0, 0.0
1.785140423822E12, 0.0, 0.0
1.785140424347E12, 0.0, 0.0
1.785140424798E12, 0.0, 0.0
1.785140425397E12, 0.0, 0.0
1.785140425923E12, 0.0, 0.0
1.785140426297E12, 0.0, 0.0
1.78514042682E12, 0.0, 0.0
1.785140427346E12, 0.0, 0.0
1.785140427796E12, 0.0, 0.0
1.785140428323E12, 0.0, 0.0
1.785140428847E12, 0.0, 0.0
1.785140429297E12, 0.0, 0.0
1.785140429897E12, 0.0, 0.0
1.785140430346E12, 0.0, 0.0
1.785140430797E12, 0.0, 0.0
1.785140431323E12, 0.0, 0.0
1.785140431847E12, 0.0, 0.0
1.785140432297E12, 0.0, 0.0
1.785140432822E12, 0.0, 0.0
1.785140433347E12, 0.0, 0.0
1.785140433797E12, 0.0, 0.0
1.785140434396E12, 0.0, 0.0
1.785140434848E12, 0.0, 0.0
1.785140435296E12, 0.0, 0.0
1.785140435896E12, 0.35000000000000003, 0.7000000000000001
1.785140436346E12, 0.89, 2.4000000000000004
1.785140436872E12, 1.43, 4.0
1.785140437395E12, 1.92, 5.5
1.785140437995E12, 2.41, 6.800000000000001
1.785140438445E12, 2.89, 8.0
1.785140438896E12, 3.43, 9.5
1.785140439421E12, 3.93, 11.100000000000001
1.785140439947E12, 4.43, 12.600000000000001
1.785140440397E12, 4.94, 14.100000000000001
1.785140440922E12, 5.46, 15.700000000000001
1.785140441447E12, 5.96, 17.7
1.785140441896E12, 6.45, 19.5
1.785140442495E12, 6.96, 21.200000000000003
1.785140442946E12, 7.49, 22.900000000000002
1.78514044347E12, 7.98, 24.8
1.785140443922E12, 8.49, 26.700000000000003
1.785140444446E12, 8.99, 28.5
1.785140444971E12, 9.5, 30.1
1.785140445495E12, 10.01, 31.900000000000002
1.785140446097E12, 10.51, 33.800000000000004
1.785140446547E12, 11.01, 35.5
1.785140446996E12, 11.49, 37.1
1.785140447521E12, 12.02, 38.800000000000004
1.785140447972E12, 12.52, 40.7
1.785140448494E12, 13.030000000000001, 42.5
1.785140449097E12, 13.52, 44.2
1.785140449545E12, 14.040000000000001, 45.800000000000004
1.785140449995E12, 14.56, 48.0
1.785140450597E12, 15.06, 50.0
1.785140451046E12, 15.530000000000001, 51.800000000000004
1.785140451496E12, 16.05, 53.6
1.785140452021E12, 16.580000000000002, 55.6
1.785140452545E12, 17.06, 57.7
1.785140453071E12, 17.57, 59.6
1.78514045352E12, 18.07, 61.5
1.785140454046E12, 18.59, 63.300000000000004
1.785140454647E12, 19.09, 65.3
1.785140455095E12, 19.6, 67.4
1.785140455545E12, 20.080000000000002, 69.2
1.785140456071E12, 20.580000000000002, 71.0
1.785140456595E12, 21.12, 72.9
1.785140457045E12, 21.6, 75.0
1.785140457571E12, 22.11, 77.0
1.785140458096E12, 22.61, 78.80000000000001
1.785140458695E12, 23.13, 80.60000000000001
1.785140459145E12, 23.63, 82.7
1.785140459595E12, 24.14, 84.80000000000001
1.785140460119E12, 24.62, 86.60000000000001
1.785140460646E12, 25.150000000000002, 88.4
1.785140461097E12, 25.66, 90.4
1.785140461621E12, 26.150000000000002, 92.4
1.785140462145E12, 26.650000000000002, 94.30000000000001
1.785140462596E12, 27.150000000000002, 96.0
1.785140463195E12, 27.68, 97.9
1.785140463644E12, 28.17, 100.0
1.78514046417E12, 28.68, 101.9
1.785140464619E12, 29.18, 103.80000000000001
1.785140465146E12, 29.68, 105.5
1.785140465669E12, 30.19, 107.60000000000001
1.785140466119E12, 30.69, 109.7
1.785140466647E12, 31.19, 111.60000000000001
1.785140467245E12, 31.71, 113.4
1.785140467694E12, 32.21, 115.30000000000001
1.785140468146E12, 32.72, 117.4
1.785140468671E12, 33.21, 119.2
1.785140469196E12, 33.71, 120.9
1.785140469721E12, 34.230000000000004, 122.80000000000001
1.78514047017E12, 34.71, 124.9
1.785140470694E12, 35.22, 126.9
1.785140471293E12, 35.72, 128.70000000000002
1.785140471743E12, 36.230000000000004, 130.4
1.785140472195E12, 36.730000000000004, 132.5
1.785140472719E12, 37.230000000000004, 134.4
1.785140473172E12, 37.72, 136.20000000000002
1.785140473695E12, 38.25, 138.1
1.78514047422E12, 38.77, 140.1
1.785140474744E12, 39.26, 142.20000000000002
1.785140475193E12, 39.76, 144.1
1.785140475794E12, 40.25, 145.8
1.785140476245E12, 40.77, 147.8
1.78514047677E12, 41.26, 149.9
1.785140477219E12, 41.76, 151.9
1.785140477745E12, 42.25, 153.70000000000002
1.78514047827E12, 42.78, 155.60000000000002
1.785140478797E12, 43.29, 157.8
1.785140479247E12, 43.78, 159.8
1.785140479845E12, 44.29, 161.70000000000002
1.785140480295E12, 44.82, 163.5
1.785140480746E12, 45.32, 165.5
1.785140481269E12, 45.81, 167.5
1.785140481794E12, 46.31, 169.4
1.785140482244E12, 46.800000000000004, 171.20000000000002
1.785140482769E12, 47.34, 173.10000000000002
1.785140483293E12, 47.83, 175.10000000000002
1.785140483893E12, 48.34, 177.10000000000002
1.785140484344E12, 48.82, 178.8
1.785140484794E12, 49.35, 180.60000000000002
1.78514048532E12, 49.86, 182.70000000000002
1.785140485844E12, 50.35, 184.70000000000002
1.785140486294E12, 50.85, 186.60000000000002
1.785140486818E12, 51.35, 188.3
1.785140487343E12, 51.870000000000005, 190.20000000000002
1.78514048787E12, 52.370000000000005, 192.3
1.785140488395E12, 52.870000000000005, 194.20000000000002
1.785140488844E12, 53.38, 196.0
1.785140489369E12, 53.9, 197.70000000000002
1.785140489895E12, 54.410000000000004, 199.8
1.785140489973E12, 54.49, 200.10000000000002
1.785140490344E12, 54.9, 201.70000000000002
1.785140490869E12, 55.4, 203.5
1.785140491394E12, 55.910000000000004, 205.20000000000002
1.785140491993E12, 56.42, 207.0
1.785140492368E12, 56.92, 209.10000000000002
1.785140492893E12, 57.42, 211.0
1.785140493418E12, 57.92, 212.70000000000002
1.78514049387E12, 58.43, 214.4
1.785140494395E12, 58.93, 216.4
1.785140494919E12, 59.43, 218.4
1.785140495368E12, 59.93, 220.20000000000002
1.785140495893E12, 60.44, 221.9
1.785140496493E12, 60.96, 223.9
1.785140496943E12, 61.45, 225.9
1.785140497392E12, 61.940000000000005, 227.70000000000002
1.785140497919E12, 62.440000000000005, 229.4
1.785140498443E12, 62.97, 231.20000000000002
1.785140498968E12, 63.46, 233.20000000000002
1.785140499419E12, 63.96, 235.10000000000002
1.785140499943E12, 64.45, 236.8
1.785140500543E12, 64.97, 238.5
1.785140500994E12, 65.5, 240.60000000000002
1.785140501444E12, 65.98, 242.5
1.785140501968E12, 66.49, 244.4
1.785140502492E12, 66.98, 246.0
1.785140502944E12, 67.51, 247.9
1.785140503468E12, 68.01, 250.0
1.785140503993E12, 68.49, 251.8
1.785140504443E12, 68.99, 253.5
1.785140505042E12, 69.53, 255.3
1.785140505492E12, 70.03, 257.3
1.785140506018E12, 70.53, 259.3
1.785140506467E12, 71.03, 261.1
1.785140506992E12, 71.51, 262.7
1.785140507517E12, 72.03, 264.5
1.785140508043E12, 72.54, 266.6
1.785140508493E12, 73.04, 268.5
1.785140509093E12, 73.54, 270.2
1.785140509542E12, 74.06, 272.0
1.785140509994E12, 74.56, 273.90000000000003
1.785140510517E12, 75.06, 275.90000000000003
1.785140511043E12, 75.55, 277.7
1.785140511568E12, 76.06, 279.40000000000003
1.785140512018E12, 76.59, 281.3
1.785140512542E12, 77.09, 283.40000000000003
1.785140513142E12, 77.58, 285.3
1.785140513592E12, 78.07000000000001, 287.0
1.785140514042E12, 78.60000000000001, 288.8
1.785140514567E12, 79.10000000000001, 290.8
1.785140515168E12, 79.61, 292.8
1.785140515542E12, 80.10000000000001, 294.6
1.785140516067E12, 80.60000000000001, 296.3
1.785140516593E12, 81.11, 298.1
1.785140517193E12, 81.61, 300.3
1.785140517642E12, 82.12, 302.3
1.785140518092E12, 82.62, 304.1
1.785140518618E12, 83.13, 305.8
1.785140519067E12, 83.61, 307.70000000000005
1.785140519592E12, 84.11, 309.6
1.785140520116E12, 84.61, 311.5
1.785140520567E12, 85.12, 313.20000000000005
1.785140521093E12, 85.62, 314.90000000000003
1.785140521617E12, 86.13, 317.0
1.785140522142E12, 86.63, 318.90000000000003
1.785140522593E12, 87.12, 320.6
1.785140523117E12, 87.64, 322.3
1.785140523643E12, 88.15, 324.20000000000005
1.785140524094E12, 88.65, 326.20000000000005
1.785140524619E12, 89.16, 328.0
1.785140525143E12, 89.65, 329.6
1.785140525742E12, 90.16, 331.3
1.785140526117E12, 90.67, 333.40000000000003
1.785140526718E12, 91.17, 335.3
1.785140527167E12, 91.66, 337.0
1.785140527691E12, 92.18, 338.8
1.785140528141E12, 92.69, 340.6
1.785140528667E12, 93.17, 342.6
1.785140529191E12, 93.68, 344.5
1.785140529642E12, 94.18, 346.20000000000005
1.785140530241E12, 94.69, 348.0
1.785140530691E12, 95.19, 349.90000000000003
1.785140531218E12, 95.69, 351.8
1.785140531667E12, 96.17, 353.5
1.785140532193E12, 96.7, 355.3
1.785140532642E12, 97.2, 357.1
1.785140533167E12, 97.7, 359.1
1.785140533692E12, 98.21000000000001, 361.0
1.785140534142E12, 98.71000000000001, 362.8
1.785140534742E12, 99.2, 364.40000000000003
1.785140535191E12, 99.7, 366.40000000000003
1.785140535641E12, 100.21000000000001, 368.3
1.785140536167E12, 100.69, 370.1
1.785140536692E12, 101.21000000000001, 371.8
1.785140537217E12, 101.73, 373.6
1.785140537667E12, 102.21000000000001, 375.5
1.785140538192E12, 102.72, 377.40000000000003
1.785140538792E12, 103.22, 379.20000000000005
1.785140539242E12, 103.74000000000001, 380.90000000000003
1.785140539693E12, 104.24000000000001, 382.8
1.785140540217E12, 104.75, 384.8
1.785140540742E12, 105.23, 386.5
1.785140541192E12, 105.74000000000001, 388.3
1.785140541717E12, 106.25, 390.1
1.785140542241E12, 106.75, 392.1
1.785140542692E12, 107.24000000000001, 394.0
1.78514054329E12, 107.76, 395.90000000000003
1.785140543742E12, 108.26, 397.6
1.785140544266E12, 108.75, 399.6
1.785140544347E12, 108.85000000000001, 400.0
1.785140544717E12, 109.25, 401.5
1.785140545241E12, 109.75, 403.3
1.785140545766E12, 110.26, 405.1
1.785140546217E12, 110.78, 407.0
1.785140546742E12, 111.28, 409.20000000000005
1.785140547344E12, 111.77, 411.1
1.785140547792E12, 112.27, 412.90000000000003
1.785140548242E12, 112.8, 414.8
1.785140548768E12, 113.3, 417.0
1.78514054929E12, 113.79, 419.1
1.785140549742E12, 114.29, 421.0
1.785140550266E12, 114.82000000000001, 422.90000000000003
1.785140550791E12, 115.32000000000001, 424.8
1.78514055139E12, 115.81, 426.90000000000003
1.785140551841E12, 116.31, 428.8
1.785140552291E12, 116.8, 430.5
1.785140552817E12, 117.35000000000001, 432.40000000000003
1.785140553416E12, 117.84, 434.5
1.785140553792E12, 118.34, 436.40000000000003
1.785140554317E12, 118.83, 438.20000000000005
1.785140554843E12, 119.36, 440.0
1.785140555441E12, 119.86, 441.90000000000003
1.785140555966E12, 120.35000000000001, 444.0
1.78514055634E12, 120.87, 446.0
1.785140556866E12, 121.36, 447.70000000000005
1.785140557391E12, 121.88, 449.5
1.785140557839E12, 122.39, 451.6
1.785140558366E12, 122.87, 453.5
1.785140558891E12, 123.38000000000001, 455.3
1.785140559342E12, 123.89, 457.0
1.785140559941E12, 124.39, 458.90000000000003
1.785140560392E12, 124.89, 461.0
1.785140560841E12, 125.39, 462.90000000000003
1.785140561365E12, 125.88000000000001, 464.6
1.785140561892E12, 126.41, 466.40000000000003
1.785140562415E12, 126.91, 468.40000000000003
1.785140562865E12, 127.42, 470.40000000000003
1.78514056339E12, 127.9, 472.1
1.78514056399E12, 128.44, 473.90000000000003
1.785140564439E12, 128.93, 475.8
1.78514056489E12, 129.43, 477.90000000000003
1.785140565415E12, 129.93, 479.8
1.78514056594E12, 130.43, 481.5
1.785140566465E12, 130.95, 483.3
1.785140566916E12, 131.46, 485.40000000000003
1.78514056744E12, 131.95, 487.3
1.785140568043E12, 132.46, 489.1
1.78514056849E12, 132.97, 490.8
1.78514056894E12, 133.47, 492.70000000000005
1.785140569464E12, 133.98, 494.70000000000005
1.785140569915E12, 134.47, 496.5
1.785140570439E12, 134.97, 498.3
1.785140570964E12, 135.49, 500.1
1.785140571489E12, 136.0, 502.1
1.785140571942E12, 136.49, 504.0
1.785140572539E12, 136.99, 505.90000000000003
1.78514057299E12, 137.51, 507.6
1.785140573514E12, 138.03, 509.6
1.785140573964E12, 138.52, 511.6
1.785140574565E12, 139.02, 513.4
1.785140575016E12, 139.52, 515.1
1.78514057554E12, 140.03, 517.0
1.78514057599E12, 140.53, 519.0
1.78514057659E12, 141.03, 520.9
1.78514057704E12, 141.52, 522.7
1.785140577489E12, 142.03, 524.4
1.785140578015E12, 142.55, 526.4
1.78514057854E12, 143.05, 528.4
1.78514057899E12, 143.55, 530.2
1.785140579515E12, 144.06, 531.9
1.785140580039E12, 144.57, 533.8000000000001
1.78514058064E12, 145.07, 535.9
1.78514058109E12, 145.56, 537.8000000000001
1.785140581539E12, 146.05, 539.5
1.785140582065E12, 146.6, 541.4
1.78514058259E12, 147.08, 543.4
1.785140583115E12, 147.59, 545.3000000000001
1.785140583564E12, 148.09, 547.1
1.78514058409E12, 148.61, 548.9
1.785140584689E12, 149.11, 550.8000000000001
1.785140585065E12, 149.6, 552.8000000000001
1.78514058559E12, 150.09, 554.6
1.785140586115E12, 150.59, 556.3000000000001
1.785140586564E12, 151.1, 558.0
1.785140587089E12, 151.61, 560.1
1.785140587615E12, 152.11, 562.0
1.785140588065E12, 152.61, 563.8000000000001
1.785140588589E12, 153.13, 565.5
1.785140589189E12, 153.63, 567.4
1.78514058964E12, 154.15, 569.5
1.78514059009E12, 154.64000000000001, 571.3000000000001
1.785140590615E12, 155.14000000000001, 573.0
1.785140591139E12, 155.65, 574.7
1.785140591598E12, 156.14000000000001, 576.7
1.785140592114E12, 156.64000000000001, 578.6
1.785140592639E12, 157.13, 580.3000000000001
1.785140593239E12, 157.65, 582.1
1.785140593688E12, 158.15, 584.0
1.785140594138E12, 158.65, 585.9
1.785140594663E12, 159.15, 587.7
1.785140595114E12, 159.64000000000001, 589.3000000000001
1.785140595639E12, 160.18, 591.2
1.785140596165E12, 160.69, 593.4
1.78514059669E12, 161.17000000000002, 595.2
1.78514059714E12, 161.67000000000002, 597.0
1.785140597739E12, 162.20000000000002, 598.8000000000001
1.785140598039E12, 162.58, 600.3000000000001
1.785140598189E12, 162.70000000000002, 600.8000000000001
1.785140598714E12, 163.20000000000002, 602.8000000000001
1.785140599239E12, 163.69, 604.6
1.785140599689E12, 164.20000000000002, 606.3000000000001
1.785140600213E12, 164.73, 608.2
1.785140600739E12, 165.22, 610.2
1.785140601188E12, 165.73, 612.1
1.78514060179E12, 166.21, 613.7
1.785140602239E12, 166.72, 615.4000000000001
1.785140602689E12, 167.24, 617.5
1.785140603213E12, 167.72, 619.4000000000001
1.785140603739E12, 168.24, 621.2
1.78514060434E12, 168.74, 623.0
1.785140604714E12, 169.26, 624.9000000000001
1.785140605239E12, 169.75, 626.8000000000001
1.785140605839E12, 170.25, 628.7
1.78514060629E12, 170.75, 630.4000000000001
1.785140606739E12, 171.26, 632.2
1.785140607264E12, 171.77, 634.2
1.785140607714E12, 172.25, 636.1
1.785140608238E12, 172.76, 637.9000000000001
1.785140608764E12, 173.27, 639.6
1.785140609289E12, 173.8, 641.6
1.785140609741E12, 174.28, 643.6
1.785140610263E12, 174.78, 645.5
1.785140610788E12, 175.27, 647.2
1.785140611313E12, 175.8, 649.1
1.785140611764E12, 176.31, 651.1
1.785140612289E12, 176.81, 653.1
1.785140612813E12, 177.29, 654.8000000000001
1.785140613339E12, 177.81, 656.5
1.78514061379E12, 178.32, 658.4000000000001
1.785140614387E12, 178.82, 660.5
1.785140614838E12, 179.32, 662.4000000000001
1.785140615288E12, 179.82, 664.1
1.785140615813E12, 180.32, 665.8000000000001
1.785140616338E12, 180.84, 667.9000000000001
1.785140616789E12, 181.33, 669.7
1.785140617313E12, 181.83, 671.5
1.785140617838E12, 182.35, 673.3000000000001
1.785140618437E12, 182.85, 675.1
1.785140618888E12, 183.36, 677.2
1.785140619338E12, 183.84, 679.0
1.785140619863E12, 184.34, 680.7
1.785140620389E12, 184.87, 682.5
1.785140620841E12, 185.37, 684.5
1.785140621364E12, 185.86, 686.4000000000001
1.785140621888E12, 186.37, 688.2
1.785140622337E12, 186.89000000000001, 689.9000000000001
1.785140622938E12, 187.38, 691.8000000000001
1.785140623388E12, 187.88, 693.8000000000001
1.785140623837E12, 188.37, 695.6
1.785140624363E12, 188.88, 697.3000000000001
1.785140624889E12, 189.4, 699.1
1.785140625412E12, 189.9, 701.1
1.785140625862E12, 190.39000000000001, 703.0
1.785140626387E12, 190.9, 704.8000000000001
1.785140626988E12, 191.41, 706.5
1.785140627439E12, 191.92000000000002, 708.5
1.785140627889E12, 192.42000000000002, 710.5
1.785140628415E12, 192.92000000000002, 712.3000000000001
1.785140628939E12, 193.43, 714.0
1.785140629462E12, 193.95000000000002, 715.8000000000001
1.785140629912E12, 194.45000000000002, 717.7
1.785140630438E12, 194.93, 719.5
1.785140631037E12, 195.44, 721.2
1.785140631487E12, 195.96, 722.9000000000001
1.78514063194E12, 196.46, 724.9000000000001
1.785140632462E12, 196.98000000000002, 726.9000000000001
1.785140632987E12, 197.46, 728.6
1.785140633512E12, 197.99, 730.3000000000001
1.785140633962E12, 198.5, 732.2
1.785140634487E12, 199.0, 734.3000000000001
1.785140635088E12, 199.5, 736.2
1.785140635537E12, 199.99, 737.9000000000001
1.78514063599E12, 200.5, 739.6
1.785140636587E12, 201.01, 741.7
1.785140636962E12, 201.49, 743.5
1.785140637487E12, 201.99, 745.3000000000001
1.785140638013E12, 202.51, 747.1
1.785140638536E12, 203.03, 749.0
1.785140638988E12, 203.52, 751.0
1.785140639662E12, 204.0, 752.8000000000001
1.785140640038E12, 204.51, 754.5
1.785140640486E12, 205.03, 756.3000000000001
1.785140641013E12, 205.54, 758.4000000000001
1.785140641537E12, 206.04, 760.3000000000001
1.785140641986E12, 206.53, 762.0
1.785140642512E12, 207.05, 763.7
1.785140643038E12, 207.57, 765.8000000000001
1.785140643637E12, 208.07, 767.8000000000001
1.785140644088E12, 208.56, 769.6
1.785140644537E12, 209.06, 771.3000000000001
1.785140645061E12, 209.57, 773.2
1.785140645587E12, 210.07, 775.2
1.785140646037E12, 210.57, 777.1
1.785140646561E12, 211.06, 778.8000000000001
1.785140647087E12, 211.58, 780.6
1.785140647538E12, 212.08, 782.7
1.785140648136E12, 212.58, 784.6
1.785140648586E12, 213.08, 786.4000000000001
1.785140649112E12, 213.61, 788.2
1.785140649563E12, 214.11, 790.1
1.785140650086E12, 214.62, 792.2
1.785140650611E12, 215.11, 794.0
1.785140651061E12, 215.61, 795.7
1.785140651586E12, 216.13, 797.5
1.785140652111E12, 216.63, 799.6
1.785140652261E12, 216.8, 800.2
1.785140652636E12, 217.11, 801.4000000000001
1.785140653086E12, 217.63, 803.2
1.785140653611E12, 218.15, 804.9000000000001
1.785140654138E12, 218.64000000000001, 806.9000000000001
1.785140654662E12, 219.15, 808.9000000000001
1.78514065511E12, 219.65, 810.7
1.785140655636E12, 220.17000000000002, 812.4000000000001
1.785140656237E12, 220.67000000000002, 814.2
1.785140656686E12, 221.18, 816.3000000000001
1.785140657136E12, 221.67000000000002, 818.1
1.785140657661E12, 222.15, 819.7
1.785140658187E12, 222.68, 821.5
1.785140658638E12, 223.18, 823.6
1.78514065916E12, 223.68, 825.5
1.785140659685E12, 224.18, 827.3000000000001
1.785140660136E12, 224.68, 829.1
1.785140660735E12, 225.19, 831.1
1.785140661187E12, 225.70000000000002, 833.2
1.785140661712E12, 226.18, 835.0
1.785140662162E12, 226.69, 836.8000000000001
1.785140662685E12, 227.21, 838.8000000000001
1.785140663211E12, 227.70000000000002, 840.9000000000001
1.78514066366E12, 228.21, 842.9000000000001
1.785140664335E12, 228.71, 844.7
1.785140664785E12, 229.21, 846.5
1.78514066524E12, 229.70000000000002, 848.5
1.785140665685E12, 230.20000000000002, 850.5
1.785140666209E12, 230.70000000000002, 852.4000000000001
1.785140666734E12, 231.22, 854.2
1.785140667186E12, 231.74, 856.3000000000001
1.785140667712E12, 232.23000000000002, 858.4000000000001
1.785140668235E12, 232.72, 860.3000000000001
1.785140668837E12, 233.25, 862.2
1.785140669285E12, 233.76, 864.1
1.785140669735E12, 234.25, 866.2
1.78514067026E12, 234.75, 868.1
1.785140670709E12, 235.24, 869.8000000000001
1.785140671235E12, 235.77, 871.7
1.785140671761E12, 236.26, 873.8000000000001
1.785140672285E12, 236.77, 875.8000000000001
1.785140672736E12, 237.27, 877.6
1.785140673336E12, 237.79, 879.4000000000001
1.785140673786E12, 238.3, 881.6
1.785140674236E12, 238.79, 883.7
1.78514067476E12, 239.29, 885.6
1.785140675285E12, 239.8, 887.5
1.785140675809E12, 240.3, 889.6
1.78514067626E12, 240.8, 891.8000000000001
1.785140676786E12, 241.31, 893.9000000000001
1.785140677383E12, 241.8, 895.7
1.785140677834E12, 242.34, 897.8000000000001
1.785140678292E12, 242.84, 900.0
1.785140678809E12, 243.33, 902.1
1.785140679335E12, 243.83, 904.0
1.785140679859E12, 244.36, 905.9000000000001
1.785140680309E12, 244.84, 908.0
1.785140680835E12, 245.35, 910.0
1.785140681434E12, 245.85, 911.9000000000001
1.785140681886E12, 246.36, 913.8000000000001
1.785140682336E12, 246.88, 915.7
1.78514068286E12, 247.37, 917.8000000000001
1.785140683386E12, 247.86, 919.7
1.785140683834E12, 248.37, 921.5
1.785140684359E12, 248.91, 923.4000000000001
1.785140684885E12, 249.4, 925.5
1.785140685485E12, 249.89000000000001, 927.4000000000001
1.785140685935E12, 250.4, 929.3000000000001
1.785140686385E12, 250.91, 931.1
1.78514068691E12, 251.41, 933.0
1.78514068736E12, 251.9, 935.0
1.785140687884E12, 252.4, 936.9000000000001
1.785140688411E12, 252.9, 938.6
1.785140688935E12, 253.42000000000002, 940.4000000000001
1.78514068939E12, 253.9, 942.4000000000001
1.785140689986E12, 254.4, 944.3000000000001
1.785140690435E12, 254.91, 946.1
1.785140690886E12, 255.42000000000002, 947.8000000000001
1.78514069141E12, 255.94, 949.9000000000001
1.785140691935E12, 256.43, 951.9000000000001
1.785140692384E12, 256.92, 953.7
1.78514069291E12, 257.43, 955.4000000000001
1.785140693436E12, 257.94, 957.4000000000001
1.785140694034E12, 258.44, 959.4000000000001
1.785140694485E12, 258.93, 961.3000000000001
1.785140694934E12, 259.44, 963.1
1.785140695459E12, 259.98, 965.0
1.78514069599E12, 260.47, 967.1
1.785140696434E12, 260.97, 969.1
1.785140696959E12, 261.47, 970.9000000000001
1.785140697484E12, 261.97, 972.6
1.785140697934E12, 262.49, 974.7
1.785140698534E12, 262.98, 976.7
1.785140698985E12, 263.47, 978.5
1.785140699509E12, 263.99, 980.3000000000001
1.785140699962E12, 264.5, 982.2
1.785140700484E12, 265.0, 984.2
1.785140701009E12, 265.5, 986.1
1.785140701458E12, 265.99, 987.9000000000001
1.785140701984E12, 266.53000000000003, 989.8000000000001
1.785140702586E12, 267.03000000000003, 991.8000000000001
1.785140703035E12, 267.53000000000003, 993.8000000000001
1.785140703484E12, 268.02, 995.5
1.785140704009E12, 268.55, 997.3000000000001
1.785140704534E12, 269.05, 999.4000000000001
1.785140704909E12, 269.21, 1000.0
1.78514070506E12, 269.21, 1000.0
1.785140705509E12, 269.21, 1000.0
1.785140706034E12, 269.21, 1000.0
1.785140706635E12, 269.21, 1000.0
1.785140707084E12, 269.21, 1000.0
1.785140707534E12, 269.21, 1000.0
1.785140708059E12, 269.21, 1000.0
1.785140708508E12, 269.21, 1000.0
1.785140709034E12, 269.21, 1000.0
1.785140709559E12, 269.21, 1000.0
1.785140710008E12, 269.21, 1000.0
1.785140710533E12, 269.21, 1000.0
1.785140711134E12, 269.21, 1000.0
1.785140711584E12, 269.21, 1000.0
1.785140712034E12, 269.21, 1000.0
1.785140712559E12, 269.21, 1000.0
1.78514071301E12, 269.21, 1000.0
1.785140713533E12, 269.21, 1000.0
1.785140714059E12, 269.21, 1000.0
1.785140714508E12, 269.21, 1000.0
1.785140715034E12, 269.21, 1000.0
1.785140715634E12, 269.21, 1000.0
1.785140716085E12, 269.21, 1000.0
1.785140716533E12, 269.21, 1000.0
1.785140717058E12, 269.21, 1000.0
1.785140717508E12, 269.21, 1000.0
1.785140718033E12, 269.21, 1000.0
1.785140718558E12, 269.21, 1000.0
1.78514071901E12, 269.21, 1000.0
1.785140719534E12, 269.21, 1000.0
1.785140720133E12, 269.21, 1000.0
1.785140720583E12, 269.21, 1000.0
1.785140721033E12, 269.21, 1000.0
1.78514072156E12, 269.21, 1000.0
1.78514072201E12, 269.21, 1000.0
1.785140722534E12, 269.21, 1000.0
1.785140723059E12, 269.21, 1000.0
1.785140723508E12, 269.21, 1000.0
1.785140724033E12, 269.21, 1000.0
1.785140724634E12, 269.21, 1000.0
1.785140725084E12, 269.21, 1000.0
1.785140725533E12, 269.21, 1000.0
1.785140726058E12, 269.21, 1000.0
1.785140726507E12, 269.21, 1000.0
1.785140727034E12, 269.21, 1000.0
1.78514072756E12, 269.21, 1000.0
1.785140728009E12, 269.21, 1000.0
1.785140728533E12, 269.21, 1000.0
1.785140729133E12, 269.21, 1000.0
1.785140729583E12, 269.21, 1000.0
1.785140730033E12, 269.21, 1000.0
1.785140730558E12, 269.21, 1000.0
1.785140731008E12, 269.21, 1000.0
1.785140731531E12, 269.21, 1000.0
1.785140732132E12, 269.21, 1000.0
1.785140732507E12, 269.21, 1000.0
1.785140733033E12, 269.21, 1000.0
1.785140733633E12, 269.21, 1000.0
1.785140734083E12, 269.21, 1000.0
1.785140734534E12, 269.21, 1000.0
1.785140735058E12, 269.21, 1000.0
1.785140735508E12, 269.21, 1000.0
1.785140736032E12, 269.21, 1000.0
1.785140736557E12, 269.21, 1000.0
1.785140737007E12, 269.21, 1000.0
1.785140737532E12, 269.21, 1000.0
1.785140738131E12, 269.21, 1000.0
1.785140738581E12, 269.21, 1000.0
1.785140739032E12, 269.21, 1000.0
1.785140739557E12, 269.21, 1000.0
1.785140740006E12, 269.21, 1000.0
1.785140740532E12, 269.21, 1000.0
1.785140741056E12, 269.21, 1000.0
1.785140741507E12, 269.21, 1000.0
1.785140742032E12, 269.21, 1000.0
1.785140742632E12, 269.21, 1000.0
1.785140743082E12, 269.21, 1000.0
1.785140743531E12, 269.21, 1000.0
1.785140744056E12, 269.21, 1000.0
1.785140744505E12, 269.21, 1000.0
1.785140745033E12, 269.21, 1000.0
1.785140745556E12, 269.21, 1000.0
1.785140746006E12, 269.21, 1000.0
1.785140746531E12, 269.21, 1000.0
1.78514074713E12, 269.21, 1000.0
1.785140747581E12, 269.21, 1000.0
1.785140748034E12, 269.21, 1000.0
1.785140748556E12, 269.21, 1000.0
1.785140749009E12, 269.21, 1000.0
1.785140749532E12, 269.21, 1000.0
1.785140750057E12, 269.21, 1000.0
1.785140750506E12, 269.21, 1000.0
1.785140751033E12, 269.21, 1000.0
1.785140751632E12, 269.21, 1000.0
1.785140752158E12, 269.21, 1000.0
1.785140752531E12, 269.21, 1000.0
1.785140753058E12, 269.21, 1000.0
1.785140753506E12, 269.21, 1000.0
1.785140754034E12, 269.21, 1000.0
1.785140754558E12, 269.21, 1000.0
1.785140755008E12, 269.21, 1000.0
1.785140755531E12, 269.21, 1000.0
1.785140756133E12, 269.21, 1000.0
1.785140756582E12, 269.21, 1000.0
1.785140757106E12, 269.21, 1000.0
1.785140757557E12, 269.21, 1000.0
1.785140758006E12, 269.21, 1000.0
1.785140758531E12, 269.21, 1000.0
1.785140759057E12, 269.21, 1000.0
1.785140759506E12, 269.21, 1000.0
1.785140760031E12, 269.21, 1000.0
1.785140760632E12, 269.21, 1000.0
1.785140761083E12, 269.21, 1000.0
1.785140761532E12, 269.21, 1000.0
1.785140762057E12, 269.21, 1000.0
1.785140762506E12, 269.21, 1000.0
1.785140763032E12, 269.21, 1000.0
1.785140763557E12, 269.21, 1000.0
1.785140764082E12, 269.21, 1000.0
1.785140764532E12, 269.21, 1000.0
1.785140765209E12, 269.21, 1000.0
1.785140765582E12, 269.21, 1000.0
1.785140766031E12, 269.21, 1000.0
1.785140766556E12, 269.21, 1000.0
1.785140767006E12, 269.21, 1000.0
1.785140767531E12, 269.21, 1000.0
1.785140768057E12, 269.21, 1000.0
1.785140768505E12, 269.21, 1000.0
1.785140769032E12, 269.21, 1000.0
1.785140769632E12, 269.21, 1000.0
1.785140770081E12, 269.21, 1000.0
1.78514077053E12, 269.21, 1000.0
1.785140771056E12, 269.21, 1000.0
1.785140771506E12, 269.21, 1000.0
1.785140772032E12, 269.21, 1000.0
1.785140772556E12, 269.21, 1000.0
1.785140773007E12, 269.21, 1000.0
1.785140773531E12, 269.21, 1000.0
1.785140774132E12, 269.21, 1000.0
1.785140774581E12, 269.21, 1000.0
1.78514077503E12, 269.21, 1000.0
1.785140775556E12, 269.21, 1000.0
1.785140776007E12, 269.21, 1000.0
1.785140776529E12, 269.21, 1000.0
1.785140777055E12, 269.21, 1000.0
1.785140777505E12, 269.21, 1000.0
1.785140778032E12, 269.21, 1000.0
1.785140778629E12, 269.21, 1000.0
1.785140779079E12, 269.21, 1000.0
1.78514077953E12, 269.21, 1000.0
1.785140780055E12, 269.21, 1000.0
1.785140780505E12, 269.21, 1000.0
1.78514078103E12, 269.21, 1000.0
1.785140781555E12, 269.21, 1000.0
1.785140782005E12, 269.21, 1000.0
1.78514078253E12, 269.21, 1000.0
1.78514078313E12, 269.21, 1000.0
1.785140783581E12, 269.21, 1000.0
1.785140784031E12, 269.21, 1000.0
1.785140784556E12, 269.21, 1000.0
1.785140785008E12, 269.21, 1000.0
1.78514078553E12, 269.21, 1000.0
1.785140786056E12, 269.21, 1000.0
1.785140786505E12, 269.21, 1000.0
1.785140787031E12, 269.21, 1000.0
1.78514078763E12, 269.21, 1000.0
1.78514078808E12, 269.21, 1000.0
1.785140788529E12, 269.21, 1000.0
