1.785165097101E12, 0.0, 0.0, 0.0, 0.0, 0.0, 0.0, 0.0, 44.0, 44.0, 44.0, 44.0, 44.0, 44.0, 44.0, 37.0, 37.0, 37.0, 37.0, 37.0, 37.0, 31.0, 31.0, 31.0, 31.0, 31.0, 31.0, 31.0, 28.0, 28.0, 28.0, 28.0, 28.0, 28.0, 28.0, 26.0, 26.0, 26.0, 26.0, 26.0, 26.0, 23.0, 23.0, 23.0, 23.0, 23.0, 23.0, 23.0, 21.0, 21.0, 21.0, 21.0, 21.0, 21.0, 16.0, 16.0, 16.0, 16.0, 16.0, 16.0, 12.0, 12.0, 12.0, 12.0, 12.0, 12.0, 7.0, 7.0, 7.0, 7.0, 7.0, 7.0, 7.0, 2.0, 2.0, 2.0, 2.0, 2.0, 2.0, 0.0, 0.0, 0.0, 0.0, 0.0, 0.0, 0.0, 0.0, 0.0, 0.0, 0.0, 0.0, 0.0
1.785165098896E12, 9.0, 9.0, 9.0, 9.0
1.785165100779E12, 18.0, 18.0, 18.0, 31.0, 31.0, 31.0, 31.0, 45.0, 45.0, 45.0, 45.0, 52.0, 52.0, 52.0, 58.0, 58.0, 58.0, 59.0, 59.0, 59.0, 59.0, 63.0, 63.0, 63.0, 61.0, 61.0, 61.0, 61.0, 60.0, 60.0, 60.0, 61.0, 61.0, 61.0, 60.0, 60.0, 60.0, 60.0, 60.0, 60.0, 60.0, 60.0, 60.0, 60.0, 59.0, 59.0, 59.0, 55.0, 55.0, 55.0, 55.0, 55.0, 55.0, 49.0, 49.0, 49.0, 49.0, 45.0, 45.0, 45.0, 42.0, 42.0, 42.0, 38.0, 38.0, 38.0, 34.0, 34.0, 34.0, 34.0, 29.0, 29.0, 29.0, 22.0, 22.0, 22.0, 15.0, 15.0, 15.0, 7.0, 7.0, 7.0, 7.0, 4.0, 4.0, 4.0, 0.0, 0.0
1.785165102878E12, 10.0, 10.0, 10.0, 22.0, 22.0, 22.0, 22.0, 35.0, 35.0, 35.0, 35.0, 43.0, 43.0, 43.0, 48.0, 48.0, 48.0, 50.0, 50.0, 50.0, 53.0, 53.0, 53.0, 53.0, 52.0, 52.0, 52.0, 51.0, 51.0, 51.0, 51.0, 52.0, 52.0, 52.0, 51.0, 51.0, 51.0, 50.0, 50.0, 50.0, 50.0, 51.0, 51.0, 51.0, 50.0, 50.0, 50.0, 48.0, 48.0, 48.0, 47.0, 47.0, 47.0, 43.0, 43.0, 43.0, 43.0, 41.0, 41.0, 41.0, 38.0, 38.0, 38.0, 34.0, 34.0, 34.0, 29.0, 29.0, 29.0, 25.0, 25.0, 25.0, 19.0, 19.0, 19.0, 15.0, 15.0, 15.0, 11.0, 11.0, 11.0, 5.0, 5.0, 5.0, 5.0, 2.0
1.785165104977E12, 23.0, 23.0, 23.0, 37.0, 37.0, 37.0, 37.0, 47.0, 47.0, 47.0, 52.0, 52.0, 52.0, 52.0, 53.0, 53.0, 53.0, 57.0, 57.0, 57.0, 56.0, 56.0, 56.0, 56.0, 57.0, 57.0, 57.0, 59.0, 59.0, 59.0, 58.0, 58.0, 58.0, 56.0, 56.0, 56.0, 56.0, 58.0, 58.0, 58.0, 58.0, 58.0, 58.0, 57.0, 57.0, 57.0, 56.0, 56.0, 56.0, 52.0, 52.0, 52.0, 48.0, 48.0, 48.0, 45.0, 45.0, 45.0, 41.0, 41.0, 41.0, 37.0, 37.0, 37.0, 32.0, 32.0, 32.0, 25.0, 25.0, 25.0, 19.0, 19.0, 19.0, 13.0, 13.0, 13.0, 7.0, 7.0, 7.0, 3.0, 3.0, 3.0, 1.0, 1.0, 1.0
1.785165107152E12, 14.0, 14.0, 14.0, 25.0, 25.0, 25.0, 36.0, 36.0, 36.0, 41.0, 41.0, 41.0, 41.0, 45.0, 45.0, 45.0, 49.0, 49.0, 49.0, 52.0, 52.0, 52.0, 52.0, 52.0, 52.0, 52.0, 56.0, 56.0, 56.0, 55.0, 55.0, 55.0, 56.0, 56.0, 56.0, 56.0, 56.0, 56.0, 55.0, 55.0, 55.0, 53.0, 53.0, 53.0, 53.0, 53.0, 53.0, 52.0, 52.0, 52.0, 48.0, 48.0, 47.0, 47.0, 47.0, 43.0, 43.0, 43.0, 38.0, 38.0, 38.0, 35.0, 35.0, 35.0, 28.0, 28.0, 28.0, 23.0, 23.0, 23.0, 15.0, 15.0, 15.0, 8.0, 8.0, 8.0, 3.0, 3.0, 3.0, 0.0, 0.0, 0.0
1.785165109251E12, 20.0, 20.0, 20.0, 34.0, 34.0, 34.0, 43.0, 43.0, 43.0, 43.0, 50.0, 50.0, 50.0, 52.0, 52.0, 52.0, 55.0, 55.0, 55.0, 56.0, 56.0, 56.0, 56.0, 56.0, 56.0, 55.0, 55.0, 55.0, 56.0, 56.0, 56.0, 56.0, 56.0, 56.0, 55.0, 55.0, 55.0, 57.0, 57.0, 57.0, 55.0, 55.0, 55.0, 52.0, 52.0, 52.0, 50.0, 50.0, 50.0, 48.0, 48.0, 48.0, 45.0, 45.0, 44.0, 44.0, 44.0, 39.0, 39.0, 39.0, 34.0, 34.0, 34.0, 31.0, 31.0, 31.0, 24.0, 24.0, 24.0, 18.0, 18.0, 10.0, 10.0, 10.0, 5.0, 5.0, 5.0, 1.0
1.785165111424E12, 14.0, 14.0, 14.0, 23.0, 23.0, 23.0, 33.0, 33.0, 33.0, 33.0, 36.0, 36.0, 36.0, 38.0, 38.0, 38.0, 41.0, 41.0, 41.0, 41.0, 43.0, 43.0, 45.0, 45.0, 45.0, 46.0, 46.0, 46.0, 46.0, 46.0, 46.0, 44.0, 44.0, 44.0, 45.0, 45.0, 45.0, 42.0, 42.0, 42.0, 41.0, 41.0, 41.0, 41.0, 41.0, 41.0, 40.0, 40.0, 40.0, 37.0, 37.0, 37.0, 35.0, 35.0, 33.0, 33.0, 33.0, 29.0, 29.0, 29.0, 25.0, 25.0, 25.0, 21.0, 21.0, 21.0, 17.0, 17.0, 17.0, 11.0, 11.0, 11.0, 6.0, 6.0, 6.0, 3.0, 3.0
1.785165113676E12, 20.0, 20.0, 20.0, 30.0, 30.0, 30.0, 30.0, 37.0, 37.0, 37.0, 41.0, 41.0, 41.0, 45.0, 45.0, 45.0, 48.0, 48.0, 48.0, 48.0, 51.0, 51.0, 51.0, 52.0, 52.0, 52.0, 52.0, 52.0, 52.0, 53.0, 53.0, 53.0, 52.0, 52.0, 52.0, 51.0, 51.0, 51.0, 51.0, 51.0, 51.0, 49.0, 49.0, 49.0, 47.0, 47.0, 47.0, 47.0, 47.0, 47.0, 45.0, 45.0, 45.0, 43.0, 43.0, 43.0, 41.0, 41.0, 41.0, 38.0, 38.0, 38.0, 34.0, 34.0, 34.0, 29.0, 29.0, 29.0, 22.0, 22.0, 22.0, 13.0, 13.0, 13.0, 7.0, 7.0, 7.0, 2.0, 2.0, 2.0, 0.0
1.785165115551E12, 16.0, 16.0, 29.0, 29.0, 29.0, 40.0, 40.0, 40.0, 40.0, 48.0, 48.0, 48.0, 55.0, 55.0, 55.0, 59.0, 59.0, 59.0, 59.0, 59.0, 59.0, 59.0, 61.0, 61.0, 61.0, 60.0, 60.0, 60.0, 58.0, 58.0, 58.0, 57.0, 57.0, 55.0, 55.0, 55.0, 54.0, 54.0, 54.0, 55.0, 55.0, 55.0, 52.0, 52.0, 52.0, 49.0, 49.0, 49.0, 47.0, 47.0, 47.0, 44.0, 44.0, 44.0, 37.0, 37.0, 37.0, 34.0, 34.0, 28.0, 28.0, 28.0, 22.0, 22.0, 22.0, 15.0, 15.0, 15.0, 9.0, 9.0, 9.0, 6.0, 6.0, 6.0, 0.0, 0.0, 0.0
1.7851651178E12, 18.0, 18.0, 18.0, 29.0, 29.0, 29.0, 39.0, 39.0, 39.0, 39.0, 44.0, 44.0, 44.0, 49.0, 49.0, 49.0, 51.0, 51.0, 51.0, 53.0, 53.0, 53.0, 55.0, 55.0, 55.0, 55.0, 55.0, 55.0, 55.0, 54.0, 54.0, 54.0, 53.0, 53.0, 53.0, 53.0, 53.0, 53.0, 51.0, 51.0, 51.0, 52.0, 52.0, 52.0, 51.0, 51.0, 51.0, 50.0, 50.0, 50.0, 49.0, 49.0, 49.0, 44.0, 44.0, 44.0, 43.0, 43.0, 43.0, 39.0, 39.0, 39.0, 36.0, 36.0, 36.0, 30.0, 30.0, 30.0, 24.0, 24.0, 19.0, 19.0, 19.0, 11.0, 11.0, 11.0, 5.0, 5.0, 5.0, 0.0
1.785165120201E12, 15.0, 15.0, 15.0, 30.0, 30.0, 30.0, 30.0, 39.0, 39.0, 39.0, 44.0, 44.0, 44.0, 46.0, 46.0, 46.0, 46.0, 44.0, 44.0, 44.0, 43.0, 43.0, 43.0, 41.0, 41.0, 41.0, 41.0, 40.0, 40.0, 37.0, 37.0, 37.0, 37.0, 37.0, 37.0, 35.0, 35.0, 35.0, 34.0, 34.0, 34.0, 34.0, 34.0, 34.0, 34.0, 32.0, 32.0, 32.0, 30.0, 30.0, 30.0, 28.0, 28.0, 28.0, 26.0, 26.0, 26.0, 20.0, 20.0, 20.0, 19.0, 19.0, 19.0, 14.0, 14.0, 14.0, 11.0, 11.0, 11.0, 11.0, 7.0, 7.0, 3.0
1.785165122752E12, 9.0, 9.0, 9.0, 9.0, 20.0, 20.0, 20.0, 32.0, 32.0, 32.0, 37.0, 37.0, 37.0, 37.0, 41.0, 41.0, 41.0, 41.0, 41.0, 41.0, 41.0, 40.0, 40.0, 40.0, 42.0, 42.0, 42.0, 42.0, 41.0, 41.0, 41.0, 41.0, 41.0, 41.0, 41.0, 43.0, 43.0, 43.0, 43.0, 43.0, 43.0, 43.0, 43.0, 43.0, 43.0, 43.0, 43.0, 42.0, 42.0, 42.0, 41.0, 41.0, 41.0, 41.0, 40.0, 40.0, 40.0, 39.0, 39.0, 39.0, 36.0, 36.0, 36.0, 36.0, 36.0, 36.0, 36.0, 32.0, 32.0, 28.0, 28.0, 28.0, 28.0, 26.0, 26.0, 26.0, 20.0, 20.0, 20.0, 15.0, 15.0, 15.0, 8.0, 8.0, 8.0, 4.0, 4.0, 4.0, 3.0, 3.0
1.785165125451E12, 14.0, 14.0, 14.0, 21.0, 21.0, 21.0, 21.0, 27.0, 27.0, 27.0, 27.0, 28.0, 28.0, 28.0, 30.0, 30.0, 30.0, 30.0, 29.0, 29.0, 29.0, 29.0, 29.0, 29.0, 29.0, 29.0, 29.0, 29.0, 29.0, 29.0, 29.0, 29.0, 29.0, 29.0, 29.0, 30.0, 30.0, 30.0, 30.0, 30.0, 30.0, 30.0, 30.0, 30.0, 30.0, 30.0, 30.0, 30.0, 30.0, 30.0, 30.0, 30.0, 29.0, 29.0, 29.0, 30.0, 30.0, 30.0, 29.0, 29.0, 29.0, 27.0, 27.0, 27.0, 27.0, 25.0, 25.0, 25.0, 22.0, 22.0, 22.0, 19.0, 19.0, 19.0, 14.0, 14.0, 14.0, 10.0, 10.0, 10.0, 10.0, 6.0, 6.0, 6.0, 1.0, 1.0, 1.0, 0.0, 0.0, 0.0
1.785165128076E12, 15.0, 15.0, 15.0, 15.0, 30.0, 30.0, 30.0, 30.0, 42.0, 42.0, 42.0, 42.0, 49.0, 49.0, 49.0, 55.0, 55.0, 55.0, 55.0, 58.0, 58.0, 58.0, 58.0, 59.0, 59.0, 59.0, 60.0, 60.0, 60.0, 58.0, 58.0, 58.0, 58.0, 56.0, 56.0, 56.0, 55.0, 55.0, 55.0, 55.0, 52.0, 52.0, 52.0, 48.0, 48.0, 48.0, 48.0, 47.0, 47.0, 47.0, 44.0, 44.0, 44.0, 43.0, 43.0, 43.0, 43.0, 40.0, 40.0, 40.0, 38.0, 38.0, 38.0, 32.0, 32.0, 32.0, 32.0, 31.0, 31.0, 31.0, 26.0, 26.0, 26.0, 23.0, 23.0, 23.0, 23.0, 19.0, 19.0, 19.0, 16.0, 16.0, 16.0, 12.0, 12.0, 12.0, 12.0, 9.0, 9.0, 9.0, 5.0, 5.0, 5.0, 3.0, 3.0, 3.0
1.785165130402E12, 12.0, 12.0, 12.0, 12.0, 21.0, 21.0, 21.0, 21.0, 26.0, 26.0, 26.0, 28.0, 28.0, 28.0, 28.0, 31.0, 31.0, 31.0, 31.0, 31.0, 31.0, 31.0, 31.0, 31.0, 31.0, 31.0, 32.0, 32.0, 32.0, 32.0, 32.0, 32.0, 32.0, 31.0, 31.0, 31.0, 31.0, 31.0, 31.0, 31.0, 31.0, 31.0, 31.0, 31.0, 30.0, 30.0, 30.0, 31.0, 31.0, 31.0, 31.0, 31.0, 31.0, 31.0, 31.0, 31.0, 31.0, 31.0, 31.0, 31.0, 30.0, 30.0, 30.0, 29.0, 29.0, 29.0, 29.0, 29.0, 29.0, 29.0, 26.0, 26.0, 26.0, 26.0, 24.0, 24.0, 24.0, 22.0, 22.0, 22.0, 19.0, 19.0, 19.0, 14.0, 14.0, 14.0, 8.0, 8.0, 8.0, 8.0, 5.0, 5.0, 5.0, 3.0
1.785165132797E12, 14.0, 14.0, 14.0, 19.0, 19.0, 19.0, 19.0, 24.0, 24.0, 24.0, 26.0, 26.0, 26.0, 26.0, 27.0, 27.0, 27.0, 27.0, 29.0, 29.0, 29.0, 29.0, 29.0, 29.0, 29.0, 31.0, 31.0, 31.0, 31.0, 31.0, 31.0, 31.0, 34.0, 34.0, 34.0, 32.0, 32.0, 32.0, 33.0, 33.0, 33.0, 33.0, 29.0, 29.0, 30.0, 30.0, 30.0, 30.0, 30.0, 30.0, 30.0, 30.0, 30.0, 30.0, 30.0, 28.0, 28.0, 28.0, 28.0, 28.0, 28.0, 28.0, 26.0, 26.0, 24.0, 24.0, 24.0, 24.0, 22.0, 22.0, 22.0, 20.0, 20.0, 20.0, 17.0, 17.0, 17.0, 16.0, 16.0, 16.0, 13.0, 13.0, 13.0, 13.0, 10.0, 10.0, 10.0, 6.0, 6.0, 6.0, 6.0, 4.0, 4.0, 4.0, 1.0, 1.0, 1.0
1.785165134979E12, 14.0, 14.0, 14.0, 14.0, 18.0, 18.0, 18.0, 18.0, 21.0, 21.0, 21.0, 23.0, 23.0, 23.0, 23.0, 25.0, 25.0, 25.0, 25.0, 27.0, 27.0, 27.0, 27.0, 28.0, 28.0, 28.0, 29.0, 29.0, 29.0, 30.0, 30.0, 30.0, 30.0, 30.0, 30.0, 30.0, 30.0, 31.0, 31.0, 31.0, 32.0, 32.0, 32.0, 32.0, 31.0, 31.0, 31.0, 31.0, 31.0, 31.0, 31.0, 30.0, 30.0, 30.0, 29.0, 29.0, 29.0, 29.0, 26.0, 26.0, 26.0, 26.0, 26.0, 26.0, 24.0, 24.0, 24.0, 24.0, 23.0, 23.0, 23.0, 22.0, 22.0, 22.0, 22.0, 20.0, 20.0, 20.0, 18.0, 18.0, 18.0, 16.0, 16.0, 16.0, 16.0, 12.0, 12.0, 12.0, 9.0, 9.0, 9.0, 9.0, 5.0, 5.0, 5.0, 3.0, 3.0, 3.0
1.785165137455E12, 9.0, 9.0, 9.0, 24.0, 24.0, 24.0, 24.0, 38.0, 38.0, 38.0, 38.0, 50.0, 50.0, 50.0, 50.0, 54.0, 54.0, 54.0, 54.0, 57.0, 57.0, 57.0, 61.0, 61.0, 61.0, 61.0, 62.0, 62.0, 62.0, 64.0, 64.0, 64.0, 64.0, 64.0, 64.0, 64.0, 63.0, 63.0, 63.0, 63.0, 59.0, 59.0, 59.0, 61.0, 61.0, 61.0, 61.0, 60.0, 60.0, 60.0, 60.0, 60.0, 60.0, 61.0, 61.0, 61.0, 60.0, 60.0, 60.0, 57.0, 57.0, 57.0, 56.0, 56.0, 56.0, 56.0, 53.0, 53.0, 53.0, 49.0, 49.0, 49.0, 45.0, 45.0, 45.0, 40.0, 40.0, 40.0, 34.0, 34.0, 34.0, 29.0, 29.0, 29.0, 29.0, 20.0, 20.0, 20.0, 11.0, 11.0, 11.0, 5.0, 5.0, 5.0, 1.0, 1.0
1.785165139702E12, 24.0, 24.0, 24.0, 39.0, 39.0, 39.0, 39.0, 51.0, 51.0, 51.0, 54.0, 54.0, 54.0, 55.0, 55.0, 55.0, 55.0, 59.0, 59.0, 59.0, 58.0, 58.0, 58.0, 58.0, 58.0, 58.0, 58.0, 59.0, 59.0, 59.0, 58.0, 58.0, 58.0, 55.0, 55.0, 55.0, 55.0, 55.0, 55.0, 53.0, 53.0, 53.0, 51.0, 51.0, 51.0, 51.0, 51.0, 51.0, 49.0, 49.0, 49.0, 49.0, 48.0, 48.0, 48.0, 46.0, 46.0, 46.0, 44.0, 44.0, 44.0, 39.0, 39.0, 39.0, 37.0, 37.0, 32.0, 32.0, 32.0, 28.0, 28.0, 28.0, 21.0, 21.0, 21.0, 17.0, 17.0, 17.0, 11.0, 11.0, 11.0, 6.0, 6.0, 6.0, 3.0, 3.0
1.785165142245E12, 22.0, 22.0, 22.0, 22.0, 35.0, 35.0, 35.0, 42.0, 42.0, 42.0, 42.0, 45.0, 45.0, 45.0, 46.0, 46.0, 46.0, 50.0, 50.0, 50.0, 50.0, 51.0, 51.0, 52.0, 52.0, 52.0, 52.0, 55.0, 55.0, 55.0, 55.0, 55.0, 55.0, 53.0, 53.0, 53.0, 56.0, 56.0, 56.0, 56.0, 55.0, 55.0, 54.0, 54.0, 54.0, 53.0, 53.0, 53.0, 51.0, 51.0, 51.0, 50.0, 50.0, 50.0, 50.0, 49.0, 49.0, 49.0, 45.0, 45.0, 45.0, 42.0, 42.0, 39.0, 39.0, 39.0, 35.0, 35.0, 35.0, 29.0, 29.0, 29.0, 24.0, 24.0, 24.0, 18.0, 18.0, 18.0, 11.0, 11.0, 11.0, 6.0, 6.0, 6.0, 2.0
1.785165147653E12, 11.0, 11.0, 11.0, 28.0, 28.0, 28.0, 28.0, 42.0, 42.0, 42.0, 42.0, 52.0, 52.0, 52.0, 52.0, 53.0, 53.0, 53.0, 53.0, 55.0, 55.0, 55.0, 55.0, 58.0, 58.0, 58.0, 58.0, 57.0, 57.0, 57.0, 57.0, 56.0, 56.0, 56.0, 56.0, 56.0, 56.0, 56.0, 55.0, 55.0, 55.0, 54.0, 54.0, 54.0, 54.0, 56.0, 56.0, 56.0, 56.0, 56.0, 56.0, 56.0, 55.0, 55.0, 55.0, 55.0, 58.0, 58.0, 58.0, 56.0, 56.0, 56.0, 55.0, 55.0, 55.0, 55.0, 55.0, 55.0, 53.0, 53.0, 53.0, 53.0, 51.0, 51.0, 49.0, 49.0, 49.0, 44.0, 44.0, 44.0, 44.0, 38.0, 38.0, 38.0, 31.0, 31.0, 31.0, 22.0, 22.0, 22.0, 22.0, 13.0, 13.0, 13.0, 6.0, 6.0, 6.0, 0.0, 0.0, 0.0, 1.0, 1.0
1.785165149903E12, 11.0, 11.0, 11.0, 11.0, 25.0, 25.0, 25.0, 38.0, 38.0, 38.0, 38.0, 47.0, 47.0, 47.0, 52.0, 52.0, 52.0, 54.0, 54.0, 54.0, 54.0, 57.0, 57.0, 57.0, 56.0, 56.0, 56.0, 56.0, 58.0, 58.0, 58.0, 60.0, 60.0, 60.0, 61.0, 61.0, 61.0, 57.0, 57.0, 57.0, 57.0, 59.0, 59.0, 58.0, 58.0, 58.0, 57.0, 57.0, 57.0, 57.0, 56.0, 56.0, 56.0, 55.0, 55.0, 55.0, 53.0, 53.0, 53.0, 52.0, 52.0, 52.0, 48.0, 48.0, 48.0, 46.0, 46.0, 46.0, 43.0, 43.0, 43.0, 37.0, 37.0, 37.0, 30.0, 30.0, 30.0, 26.0, 26.0, 26.0, 20.0, 20.0, 20.0, 15.0, 15.0, 15.0, 9.0, 9.0, 9.0, 4.0, 4.0, 4.0, 1.0, 1.0
1.785165152073E12, 17.0, 17.0, 17.0, 17.0, 28.0, 28.0, 28.0, 35.0, 35.0, 35.0, 35.0, 40.0, 40.0, 40.0, 41.0, 41.0, 41.0, 43.0, 43.0, 43.0, 43.0, 46.0, 46.0, 46.0, 45.0, 45.0, 45.0, 44.0, 44.0, 44.0, 44.0, 44.0, 44.0, 44.0, 43.0, 43.0, 43.0, 40.0, 40.0, 40.0, 42.0, 42.0, 42.0, 42.0, 38.0, 38.0, 37.0, 37.0, 37.0, 33.0, 33.0, 33.0, 33.0, 32.0, 32.0, 32.0, 28.0, 28.0, 26.0, 26.0, 26.0, 26.0, 22.0, 22.0, 22.0, 18.0, 18.0, 18.0, 15.0, 15.0, 15.0, 10.0, 10.0, 10.0, 6.0, 6.0, 6.0, 3.0
1.785165154472E12, 14.0, 14.0, 14.0, 28.0, 28.0, 28.0, 40.0, 40.0, 40.0, 40.0, 44.0, 44.0, 44.0, 47.0, 47.0, 47.0, 48.0, 48.0, 48.0, 48.0, 48.0, 48.0, 48.0, 47.0, 47.0, 47.0, 47.0, 47.0, 47.0, 46.0, 46.0, 46.0, 46.0, 48.0, 48.0, 48.0, 46.0, 46.0, 46.0, 44.0, 44.0, 44.0, 45.0, 45.0, 45.0, 43.0, 43.0, 43.0, 40.0, 40.0, 40.0, 40.0, 38.0, 38.0, 36.0, 36.0, 36.0, 33.0, 33.0, 33.0, 33.0, 32.0, 32.0, 32.0, 28.0, 28.0, 28.0, 26.0, 26.0, 26.0, 22.0, 22.0, 22.0, 19.0, 19.0, 19.0, 15.0, 15.0, 15.0, 10.0, 10.0, 10.0, 10.0, 4.0, 4.0, 4.0, 1.0, 1.0
1.785165156649E12, 16.0, 16.0, 16.0, 30.0, 30.0, 30.0, 30.0, 43.0, 43.0, 43.0, 43.0, 48.0, 48.0, 49.0, 49.0, 49.0, 49.0, 51.0, 51.0, 51.0, 53.0, 53.0, 53.0, 52.0, 52.0, 52.0, 54.0, 54.0, 54.0, 53.0, 53.0, 53.0, 53.0, 52.0, 52.0, 50.0, 50.0, 50.0, 51.0, 51.0, 51.0, 49.0, 49.0, 49.0, 50.0, 50.0, 50.0, 50.0, 44.0, 44.0, 44.0, 41.0, 41.0, 41.0, 39.0, 39.0, 39.0, 36.0, 36.0, 36.0, 30.0, 30.0, 30.0, 24.0, 24.0, 24.0, 17.0, 17.0, 17.0, 17.0, 11.0, 11.0, 11.0, 6.0, 6.0, 6.0, 2.0, 2.0
1.785165158751E12, 10.0, 10.0, 10.0, 25.0, 25.0, 25.0, 25.0, 41.0, 41.0, 41.0, 49.0, 49.0, 49.0, 49.0, 54.0, 54.0, 54.0, 57.0, 57.0, 57.0, 60.0, 60.0, 60.0, 60.0, 59.0, 59.0, 59.0, 61.0, 61.0, 61.0, 59.0, 59.0, 59.0, 60.0, 60.0, 60.0, 60.0, 60.0, 60.0, 61.0, 61.0, 61.0, 58.0, 58.0, 58.0, 58.0, 58.0, 58.0, 55.0, 55.0, 55.0, 52.0, 52.0, 52.0, 51.0, 51.0, 51.0, 46.0, 46.0, 46.0, 41.0, 41.0, 41.0, 36.0, 36.0, 36.0, 30.0, 30.0, 30.0, 23.0, 23.0, 23.0, 16.0, 16.0, 16.0, 9.0, 9.0, 9.0, 3.0, 3.0, 3.0, 0.0
1.78516516115E12, 12.0, 12.0, 12.0, 12.0, 24.0, 24.0, 24.0, 34.0, 34.0, 34.0, 34.0, 38.0, 38.0, 38.0, 41.0, 41.0, 41.0, 41.0, 42.0, 42.0, 42.0, 42.0, 42.0, 42.0, 42.0, 42.0, 42.0, 43.0, 43.0, 43.0, 43.0, 43.0, 43.0, 43.0, 46.0, 46.0, 46.0, 47.0, 47.0, 47.0, 49.0, 49.0, 49.0, 50.0, 50.0, 50.0, 50.0, 50.0, 50.0, 50.0, 50.0, 50.0, 52.0, 52.0, 52.0, 51.0, 51.0, 51.0, 48.0, 48.0, 48.0, 47.0, 47.0, 47.0, 42.0, 42.0, 42.0, 36.0, 36.0, 36.0, 31.0, 31.0, 31.0, 23.0, 23.0, 23.0, 17.0, 17.0, 17.0, 10.0, 10.0, 10.0, 4.0, 4.0, 4.0, 1.0
1.785165163401E12, 12.0, 12.0, 12.0, 15.0, 15.0, 15.0, 15.0, 18.0, 18.0, 18.0, 19.0, 19.0, 19.0, 21.0, 21.0, 21.0, 21.0, 23.0, 23.0, 23.0, 25.0, 25.0, 25.0, 24.0, 24.0, 24.0, 24.0, 26.0, 26.0, 26.0, 26.0, 26.0, 26.0, 27.0, 27.0, 27.0, 27.0, 28.0, 28.0, 28.0, 28.0, 28.0, 28.0, 30.0, 30.0, 30.0, 30.0, 29.0, 29.0, 29.0, 29.0, 29.0, 27.0, 27.0, 27.0, 27.0, 28.0, 28.0, 28.0, 25.0, 25.0, 25.0, 24.0, 24.0, 24.0, 23.0, 23.0, 23.0, 23.0, 21.0, 21.0, 18.0, 18.0, 18.0, 18.0, 14.0, 14.0, 14.0, 9.0, 9.0, 9.0, 6.0, 6.0, 6.0, 3.0, 3.0
1.78516516565E12, 10.0, 10.0, 10.0, 14.0, 14.0, 14.0, 14.0, 13.0, 13.0, 13.0, 13.0, 15.0, 15.0, 15.0, 15.0, 15.0, 15.0, 15.0, 17.0, 17.0, 17.0, 20.0, 20.0, 20.0, 20.0, 22.0, 22.0, 22.0, 22.0, 24.0, 24.0, 24.0, 25.0, 25.0, 25.0, 28.0, 28.0, 28.0, 28.0, 31.0, 31.0, 31.0, 36.0, 36.0, 36.0, 36.0, 38.0, 38.0, 38.0, 39.0, 39.0, 39.0, 39.0, 40.0, 40.0, 37.0, 37.0, 37.0, 37.0, 34.0, 34.0, 34.0, 31.0, 31.0, 31.0, 25.0, 25.0, 25.0, 25.0, 22.0, 22.0, 22.0, 15.0, 15.0, 15.0, 15.0, 12.0, 12.0, 12.0, 5.0, 5.0, 5.0, 2.0, 2.0, 2.0, 2.0, 0.0, 0.0, 0.0
1.78516516775E12, 24.0, 24.0, 24.0, 24.0, 43.0, 43.0, 43.0, 56.0, 56.0, 56.0, 56.0, 62.0, 62.0, 62.0, 60.0, 60.0, 60.0, 60.0, 63.0, 63.0, 63.0, 60.0, 60.0, 60.0, 60.0, 57.0, 57.0, 57.0, 58.0, 58.0, 58.0, 58.0, 54.0, 54.0, 54.0, 52.0, 52.0, 52.0, 50.0, 50.0, 50.0, 49.0, 49.0, 49.0, 47.0, 47.0, 47.0, 47.0, 47.0, 47.0, 47.0, 44.0, 44.0, 44.0, 43.0, 43.0, 43.0, 41.0, 41.0, 41.0, 39.0, 39.0, 39.0, 34.0, 34.0, 34.0, 34.0, 34.0, 34.0, 31.0, 31.0, 31.0, 27.0, 27.0, 27.0, 24.0, 24.0, 24.0, 18.0, 18.0, 18.0, 15.0, 15.0, 15.0, 15.0, 9.0, 9.0, 9.0, 5.0, 5.0, 5.0, 1.0, 1.0, 1.0
1.785165169923E12, 16.0, 16.0, 16.0, 16.0, 30.0, 30.0, 30.0, 35.0, 35.0, 35.0, 35.0, 38.0, 38.0, 38.0, 40.0, 40.0, 40.0, 40.0, 45.0, 45.0, 45.0, 46.0, 46.0, 46.0, 47.0, 47.0, 47.0, 46.0, 46.0, 46.0, 46.0, 44.0, 44.0, 44.0, 45.0, 45.0, 45.0, 44.0, 44.0, 44.0, 43.0, 43.0, 43.0, 41.0, 41.0, 41.0, 41.0, 37.0, 37.0, 37.0, 33.0, 33.0, 33.0, 30.0, 30.0, 27.0, 27.0, 27.0, 22.0, 22.0, 22.0, 22.0, 19.0, 19.0, 19.0, 15.0, 15.0, 14.0, 14.0, 14.0, 14.0, 8.0, 8.0, 8.0, 6.0, 6.0, 6.0, 2.0, 2.0
1.785165172328E12, 10.0, 10.0, 10.0, 10.0, 25.0, 25.0, 25.0, 44.0, 44.0, 44.0, 52.0, 52.0, 52.0, 52.0, 60.0, 60.0, 60.0, 62.0, 62.0, 62.0, 64.0, 64.0, 64.0, 64.0, 66.0, 66.0, 66.0, 65.0, 65.0, 65.0, 64.0, 64.0, 64.0, 64.0, 64.0, 64.0, 62.0, 62.0, 62.0, 60.0, 60.0, 60.0, 60.0, 60.0, 60.0, 60.0, 59.0, 59.0, 59.0, 56.0, 56.0, 56.0, 56.0, 56.0, 56.0, 52.0, 52.0, 52.0, 51.0, 51.0, 51.0, 48.0, 48.0, 48.0, 45.0, 45.0, 45.0, 40.0, 40.0, 40.0, 37.0, 37.0, 37.0, 31.0, 31.0, 31.0, 24.0, 24.0, 24.0, 18.0, 18.0, 18.0, 11.0, 11.0, 11.0, 7.0, 7.0, 1.0
1.785165174873E12, 14.0, 14.0, 14.0, 17.0, 17.0, 17.0, 21.0, 21.0, 21.0, 21.0, 21.0, 21.0, 21.0, 25.0, 25.0, 25.0, 26.0, 26.0, 26.0, 29.0, 29.0, 29.0, 31.0, 31.0, 31.0, 31.0, 32.0, 32.0, 32.0, 31.0, 31.0, 31.0, 33.0, 33.0, 33.0, 30.0, 30.0, 30.0, 30.0, 30.0, 30.0, 30.0, 29.0, 29.0, 29.0, 29.0, 29.0, 29.0, 26.0, 26.0, 26.0, 26.0, 26.0, 26.0, 26.0, 24.0, 24.0, 24.0, 23.0, 23.0, 23.0, 20.0, 20.0, 20.0, 20.0, 20.0, 20.0, 20.0, 16.0, 16.0, 16.0, 15.0, 15.0, 15.0, 11.0, 11.0, 11.0, 8.0, 8.0, 8.0, 5.0, 5.0, 5.0, 5.0, 3.0, 3.0, 3.0
1.785165177274E12, 18.0, 18.0, 18.0, 18.0, 29.0, 29.0, 29.0, 36.0, 36.0, 36.0, 36.0, 36.0, 36.0, 36.0, 37.0, 37.0, 37.0, 37.0, 38.0, 38.0, 38.0, 43.0, 43.0, 43.0, 43.0, 42.0, 42.0, 42.0, 43.0, 43.0, 43.0, 43.0, 40.0, 40.0, 40.0, 39.0, 39.0, 39.0, 38.0, 38.0, 38.0, 38.0, 36.0, 36.0, 34.0, 34.0, 34.0, 34.0, 34.0, 34.0, 34.0, 32.0, 32.0, 32.0, 32.0, 29.0, 29.0, 29.0, 28.0, 28.0, 28.0, 24.0, 24.0, 24.0, 24.0, 21.0, 21.0, 21.0, 17.0, 17.0, 17.0, 13.0, 13.0, 13.0, 13.0, 9.0, 9.0, 9.0, 5.0, 5.0, 5.0, 3.0, 3.0, 3.0
1.785165179448E12, 15.0, 15.0, 15.0, 15.0, 26.0, 26.0, 26.0, 26.0, 32.0, 32.0, 32.0, 35.0, 35.0, 35.0, 35.0, 38.0, 38.0, 38.0, 38.0, 39.0, 39.0, 39.0, 41.0, 41.0, 41.0, 42.0, 42.0, 42.0, 42.0, 42.0, 42.0, 42.0, 39.0, 39.0, 39.0, 40.0, 40.0, 40.0, 40.0, 38.0, 38.0, 38.0, 36.0, 36.0, 36.0, 36.0, 35.0, 35.0, 35.0, 33.0, 33.0, 33.0, 32.0, 32.0, 32.0, 31.0, 31.0, 31.0, 31.0, 30.0, 30.0, 30.0, 27.0, 27.0, 27.0, 25.0, 25.0, 25.0, 21.0, 21.0, 21.0, 20.0, 20.0, 20.0, 20.0, 16.0, 16.0, 16.0, 12.0, 12.0, 12.0, 6.0, 6.0, 6.0, 2.0, 2.0, 2.0, 0.0
1.78516518155E12, 17.0, 17.0, 17.0, 17.0, 27.0, 27.0, 27.0, 36.0, 36.0, 36.0, 36.0, 36.0, 36.0, 36.0, 39.0, 39.0, 39.0, 39.0, 38.0, 38.0, 38.0, 41.0, 41.0, 41.0, 41.0, 43.0, 43.0, 43.0, 43.0, 43.0, 43.0, 43.0, 42.0, 42.0, 42.0, 42.0, 42.0, 42.0, 42.0, 41.0, 41.0, 41.0, 40.0, 40.0, 40.0, 40.0, 40.0, 40.0, 40.0, 40.0, 40.0, 40.0, 39.0, 39.0, 39.0, 40.0, 40.0, 40.0, 40.0, 39.0, 39.0, 39.0, 37.0, 37.0, 37.0, 35.0, 35.0, 35.0, 32.0, 32.0, 32.0, 32.0, 30.0, 30.0, 30.0, 26.0, 26.0, 26.0, 20.0, 20.0, 20.0, 13.0, 13.0, 13.0, 13.0, 7.0, 7.0, 7.0, 2.0, 2.0, 2.0, 0.0
1.785165183726E12, 15.0, 15.0, 15.0, 15.0, 22.0, 22.0, 22.0, 22.0, 26.0, 26.0, 26.0, 30.0, 30.0, 30.0, 32.0, 32.0, 32.0, 32.0, 35.0, 35.0, 35.0, 36.0, 36.0, 36.0, 36.0, 36.0, 36.0, 36.0, 38.0, 38.0, 38.0, 39.0, 39.0, 39.0, 39.0, 40.0, 40.0, 40.0, 41.0, 41.0, 41.0, 41.0, 41.0, 41.0, 41.0, 38.0, 38.0, 38.0, 42.0, 42.0, 42.0, 39.0, 39.0, 39.0, 39.0, 39.0, 39.0, 35.0, 35.0, 35.0, 35.0, 35.0, 35.0, 35.0, 32.0, 32.0, 32.0, 31.0, 31.0, 31.0, 25.0, 25.0, 25.0, 25.0, 21.0, 21.0, 21.0, 15.0, 15.0, 15.0, 9.0, 9.0, 9.0, 3.0, 3.0, 3.0, 3.0, 0.0, 0.0, 0.0
1.785165186052E12, 9.0, 9.0, 9.0, 9.0, 19.0, 19.0, 19.0, 19.0, 25.0, 25.0, 25.0, 29.0, 29.0, 29.0, 28.0, 28.0, 28.0, 28.0, 33.0, 33.0, 33.0, 33.0, 33.0, 33.0, 33.0, 35.0, 35.0, 35.0, 35.0, 33.0, 33.0, 33.0, 35.0, 35.0, 35.0, 35.0, 34.0, 34.0, 34.0, 37.0, 37.0, 37.0, 37.0, 36.0, 36.0, 36.0, 37.0, 37.0, 37.0, 35.0, 35.0, 35.0, 35.0, 35.0, 35.0, 35.0, 33.0, 33.0, 33.0, 34.0, 34.0, 34.0, 34.0, 31.0, 31.0, 31.0, 30.0, 30.0, 30.0, 28.0, 28.0, 28.0, 28.0, 25.0, 25.0, 25.0, 20.0, 20.0, 20.0, 16.0, 16.0, 16.0, 16.0, 10.0, 10.0, 10.0, 5.0, 5.0, 5.0, 0.0, 0.0, 0.0
1.785165188077E12, 12.0, 12.0, 12.0, 12.0, 22.0, 22.0, 22.0, 22.0, 31.0, 31.0, 31.0, 34.0, 34.0, 34.0, 38.0, 38.0, 38.0, 38.0, 39.0, 39.0, 39.0, 44.0, 44.0, 44.0, 44.0, 45.0, 45.0, 45.0, 45.0, 45.0, 45.0, 45.0, 46.0, 46.0, 46.0, 45.0, 45.0, 45.0, 45.0, 42.0, 42.0, 42.0, 44.0, 44.0, 44.0, 42.0, 42.0, 42.0, 42.0, 41.0, 41.0, 41.0, 40.0, 40.0, 40.0, 40.0, 38.0, 38.0, 38.0, 36.0, 36.0, 36.0, 34.0, 34.0, 34.0, 31.0, 31.0, 31.0, 28.0, 28.0, 28.0, 25.0, 25.0, 25.0, 25.0, 20.0, 20.0, 20.0, 14.0, 14.0, 14.0, 8.0, 8.0, 8.0, 3.0, 3.0, 3.0, 3.0, 1.0
1.785165190325E12, 14.0, 14.0, 14.0, 26.0, 26.0, 26.0, 26.0, 33.0, 33.0, 33.0, 37.0, 37.0, 37.0, 37.0, 39.0, 39.0, 39.0, 39.0, 42.0, 42.0, 42.0, 41.0, 41.0, 41.0, 41.0, 44.0, 44.0, 44.0, 43.0, 43.0, 43.0, 43.0, 43.0, 43.0, 43.0, 43.0, 43.0, 42.0, 42.0, 42.0, 42.0, 41.0, 41.0, 41.0, 41.0, 41.0, 41.0, 38.0, 38.0, 38.0, 36.0, 36.0, 36.0, 36.0, 34.0, 34.0, 34.0, 32.0, 32.0, 32.0, 28.0, 28.0, 28.0, 28.0, 25.0, 25.0, 21.0, 21.0, 21.0, 21.0, 17.0, 17.0, 17.0, 12.0, 12.0, 12.0, 9.0, 9.0, 9.0, 4.0, 4.0, 4.0, 4.0, 2.0, 2.0, 2.0
1.785165192651E12, 14.0, 14.0, 14.0, 14.0, 23.0, 23.0, 23.0, 23.0, 30.0, 30.0, 30.0, 35.0, 35.0, 35.0, 38.0, 38.0, 38.0, 38.0, 41.0, 41.0, 41.0, 42.0, 42.0, 42.0, 42.0, 44.0, 44.0, 44.0, 45.0, 45.0, 45.0, 43.0, 43.0, 43.0, 43.0, 45.0, 45.0, 45.0, 43.0, 43.0, 43.0, 43.0, 43.0, 43.0, 43.0, 44.0, 44.0, 44.0, 42.0, 42.0, 42.0, 41.0, 41.0, 41.0, 41.0, 41.0, 41.0, 39.0, 39.0, 39.0, 35.0, 35.0, 35.0, 32.0, 32.0, 32.0, 28.0, 28.0, 28.0, 28.0, 23.0, 23.0, 18.0, 18.0, 18.0, 18.0, 10.0, 10.0, 10.0, 5.0, 5.0, 5.0, 0.0
1.785165194897E12, 10.0, 10.0, 10.0, 20.0, 20.0, 20.0, 20.0, 25.0, 25.0, 25.0, 25.0, 32.0, 32.0, 32.0, 34.0, 34.0, 34.0, 34.0, 38.0, 38.0, 38.0, 40.0, 40.0, 40.0, 41.0, 41.0, 41.0, 41.0, 41.0, 41.0, 41.0, 41.0, 41.0, 41.0, 41.0, 41.0, 41.0, 40.0, 40.0, 40.0, 40.0, 42.0, 42.0, 40.0, 40.0, 40.0, 38.0, 38.0, 38.0, 38.0, 39.0, 39.0, 39.0, 37.0, 37.0, 37.0, 33.0, 33.0, 33.0, 30.0, 30.0, 30.0, 27.0, 27.0, 27.0, 24.0, 24.0, 24.0, 24.0, 19.0, 19.0, 19.0, 13.0, 13.0, 13.0, 9.0, 9.0, 9.0, 9.0, 3.0, 3.0, 3.0, 0.0
1.785165196998E12, 9.0, 9.0, 9.0, 9.0, 19.0, 19.0, 19.0, 27.0, 27.0, 27.0, 27.0, 34.0, 34.0, 34.0, 34.0, 37.0, 37.0, 37.0, 39.0, 39.0, 39.0, 39.0, 43.0, 43.0, 43.0, 43.0, 43.0, 43.0, 43.0, 43.0, 43.0, 43.0, 43.0, 43.0, 43.0, 43.0, 43.0, 43.0, 43.0, 41.0, 41.0, 41.0, 40.0, 40.0, 40.0, 40.0, 38.0, 38.0, 37.0, 37.0, 37.0, 37.0, 35.0, 35.0, 35.0, 32.0, 32.0, 32.0, 30.0, 30.0, 30.0, 27.0, 27.0, 27.0, 23.0, 23.0, 23.0, 23.0, 18.0, 18.0, 14.0, 14.0, 14.0, 8.0, 8.0, 8.0, 8.0, 4.0, 4.0, 4.0, 0.0, 0.0, 0.0
1.785165199172E12, 14.0, 14.0, 14.0, 25.0, 25.0, 25.0, 25.0, 32.0, 32.0, 32.0, 32.0, 36.0, 36.0, 36.0, 37.0, 37.0, 37.0, 37.0, 39.0, 39.0, 39.0, 39.0, 40.0, 40.0, 40.0, 40.0, 40.0, 40.0, 40.0, 41.0, 41.0, 41.0, 39.0, 39.0, 39.0, 39.0, 39.0, 39.0, 39.0, 38.0, 38.0, 38.0, 38.0, 38.0, 38.0, 38.0, 36.0, 36.0, 36.0, 36.0, 36.0, 36.0, 36.0, 34.0, 34.0, 34.0, 31.0, 31.0, 28.0, 28.0, 28.0, 28.0, 25.0, 25.0, 25.0, 19.0, 19.0, 19.0, 16.0, 16.0, 16.0, 16.0, 10.0, 10.0, 10.0, 6.0, 6.0, 6.0, 6.0, 2.0, 2.0
1.785165201423E12, 16.0, 16.0, 16.0, 25.0, 25.0, 25.0, 25.0, 33.0, 33.0, 33.0, 33.0, 36.0, 36.0, 36.0, 38.0, 38.0, 38.0, 42.0, 42.0, 42.0, 42.0, 44.0, 44.0, 44.0, 43.0, 43.0, 43.0, 45.0, 45.0, 45.0, 44.0, 44.0, 44.0, 44.0, 43.0, 43.0, 43.0, 43.0, 43.0, 43.0, 42.0, 42.0, 42.0, 42.0, 39.0, 39.0, 39.0, 39.0, 39.0, 39.0, 39.0, 39.0, 39.0, 36.0, 36.0, 36.0, 35.0, 35.0, 35.0, 31.0, 31.0, 31.0, 29.0, 29.0, 29.0, 29.0, 28.0, 28.0, 28.0, 23.0, 23.0, 23.0, 19.0, 19.0, 19.0, 15.0, 15.0, 15.0, 9.0, 9.0, 9.0, 5.0, 5.0, 5.0, 0.0
1.785165203747E12, 16.0, 16.0, 16.0, 16.0, 27.0, 27.0, 27.0, 27.0, 33.0, 33.0, 33.0, 36.0, 36.0, 36.0, 36.0, 39.0, 39.0, 39.0, 40.0, 40.0, 40.0, 40.0, 42.0, 42.0, 42.0, 44.0, 44.0, 44.0, 44.0, 44.0, 44.0, 43.0, 43.0, 43.0, 43.0, 43.0, 43.0, 43.0, 42.0, 42.0, 42.0, 42.0, 42.0, 42.0, 42.0, 42.0, 42.0, 42.0, 41.0, 41.0, 41.0, 39.0, 39.0, 39.0, 39.0, 39.0, 39.0, 39.0, 36.0, 36.0, 36.0, 34.0, 34.0, 34.0, 31.0, 31.0, 31.0, 27.0, 27.0, 27.0, 22.0, 22.0, 22.0, 22.0, 18.0, 18.0, 18.0, 10.0, 10.0, 10.0, 5.0, 5.0, 5.0, 1.0, 1.0
1.785165205851E12, 18.0, 18.0, 18.0, 25.0, 25.0, 25.0, 25.0, 27.0, 27.0, 27.0, 28.0, 28.0, 28.0, 28.0, 29.0, 29.0, 29.0, 30.0, 30.0, 30.0, 32.0, 32.0, 32.0, 32.0, 31.0, 31.0, 31.0, 30.0, 30.0, 30.0, 30.0, 30.0, 30.0, 30.0, 30.0, 28.0, 28.0, 28.0, 27.0, 27.0, 27.0, 27.0, 27.0, 27.0, 27.0, 25.0, 25.0, 25.0, 23.0, 23.0, 23.0, 23.0, 23.0, 23.0, 23.0, 22.0, 22.0, 22.0, 22.0, 21.0, 21.0, 21.0, 20.0, 20.0, 20.0, 20.0, 19.0, 19.0, 19.0, 17.0, 17.0, 17.0, 14.0, 14.0, 14.0, 14.0, 11.0, 11.0, 11.0, 9.0, 9.0, 9.0, 9.0, 6.0, 6.0, 6.0, 3.0
1.78516520802E12, 11.0, 11.0, 11.0, 11.0, 18.0, 18.0, 18.0, 18.0, 20.0, 20.0, 20.0, 20.0, 25.0, 25.0, 25.0, 28.0, 28.0, 28.0, 28.0, 29.0, 29.0, 29.0, 29.0, 30.0, 30.0, 30.0, 28.0, 28.0, 28.0, 28.0, 27.0, 27.0, 27.0, 27.0, 27.0, 27.0, 27.0, 26.0, 26.0, 26.0, 26.0, 24.0, 24.0, 24.0, 24.0, 24.0, 24.0, 22.0, 22.0, 22.0, 22.0, 22.0, 22.0, 22.0, 20.0, 20.0, 20.0, 20.0, 18.0, 18.0, 18.0, 17.0, 17.0, 17.0, 17.0, 15.0, 15.0, 15.0, 13.0, 13.0, 13.0, 8.0, 8.0, 8.0, 8.0, 6.0, 6.0, 6.0, 6.0, 3.0, 3.0
1.785165210051E12, 8.0, 8.0, 8.0, 8.0, 14.0, 14.0, 14.0, 18.0, 18.0, 18.0, 18.0, 22.0, 22.0, 22.0, 22.0, 24.0, 24.0, 24.0, 24.0, 26.0, 26.0, 26.0, 26.0, 26.0, 26.0, 26.0, 26.0, 27.0, 27.0, 27.0, 27.0, 27.0, 27.0, 27.0, 25.0, 25.0, 25.0, 25.0, 25.0, 25.0, 25.0, 23.0, 23.0, 23.0, 23.0, 21.0, 21.0, 21.0, 21.0, 20.0, 20.0, 20.0, 19.0, 19.0, 19.0, 20.0, 20.0, 20.0, 20.0, 19.0, 19.0, 19.0, 19.0, 19.0, 19.0, 19.0, 17.0, 17.0, 17.0, 17.0, 15.0, 15.0, 15.0, 13.0, 13.0, 13.0, 13.0, 9.0, 9.0, 9.0, 9.0, 7.0, 7.0, 7.0, 5.0, 5.0, 5.0, 5.0, 3.0
1.785165212228E12, 11.0, 11.0, 11.0, 24.0, 24.0, 24.0, 24.0, 38.0, 38.0, 38.0, 38.0, 40.0, 40.0, 40.0, 40.0, 42.0, 42.0, 42.0, 43.0, 43.0, 43.0, 43.0, 45.0, 45.0, 45.0, 45.0, 46.0, 46.0, 46.0, 46.0, 45.0, 45.0, 45.0, 43.0, 43.0, 43.0, 43.0, 45.0, 45.0, 45.0, 45.0, 45.0, 45.0, 45.0, 44.0, 44.0, 44.0, 44.0, 45.0, 45.0, 45.0, 43.0, 43.0, 43.0, 41.0, 41.0, 41.0, 41.0, 40.0, 40.0, 40.0, 38.0, 38.0, 38.0, 38.0, 38.0, 38.0, 38.0, 37.0, 37.0, 37.0, 34.0, 34.0, 34.0, 34.0, 31.0, 31.0, 31.0, 29.0, 29.0, 29.0, 26.0, 26.0, 26.0, 22.0, 22.0, 22.0, 18.0, 18.0, 18.0, 18.0, 12.0, 12.0, 12.0, 6.0, 6.0, 6.0, 6.0, 2.0, 2.0, 2.0, 0.0
1.785165214404E12, 16.0, 16.0, 16.0, 16.0, 30.0, 30.0, 39.0, 39.0, 39.0, 39.0, 43.0, 43.0, 43.0, 43.0, 45.0, 45.0, 47.0, 47.0, 47.0, 47.0, 46.0, 46.0, 46.0, 48.0, 48.0, 48.0, 48.0, 46.0, 46.0, 46.0, 45.0, 45.0, 45.0, 45.0, 46.0, 46.0, 46.0, 46.0, 46.0, 46.0, 44.0, 44.0, 44.0, 44.0, 43.0, 43.0, 43.0, 43.0, 43.0, 43.0, 39.0, 39.0, 39.0, 41.0, 41.0, 41.0, 41.0, 36.0, 36.0, 36.0, 35.0, 35.0, 35.0, 31.0, 31.0, 31.0, 28.0, 28.0, 28.0, 22.0, 22.0, 22.0, 22.0, 17.0, 17.0, 17.0, 9.0, 9.0, 9.0, 5.0, 5.0, 5.0, 0.0, 0.0
1.785165216648E12, 16.0, 16.0, 16.0, 25.0, 25.0, 25.0, 25.0, 34.0, 34.0, 34.0, 34.0, 36.0, 36.0, 36.0, 38.0, 38.0, 38.0, 40.0, 40.0, 40.0, 40.0, 40.0, 40.0, 40.0, 38.0, 38.0, 38.0, 38.0, 41.0, 41.0, 41.0, 41.0, 41.0, 41.0, 41.0, 41.0, 41.0, 41.0, 41.0, 41.0, 41.0, 41.0, 41.0, 41.0, 41.0, 38.0, 38.0, 38.0, 39.0, 39.0, 39.0, 39.0, 36.0, 36.0, 36.0, 36.0, 36.0, 36.0, 33.0, 33.0, 33.0, 33.0, 33.0, 33.0, 33.0, 29.0, 29.0, 29.0, 28.0, 28.0, 28.0, 22.0, 22.0, 22.0, 17.0, 17.0, 17.0, 11.0, 11.0, 11.0, 11.0, 6.0, 6.0, 6.0, 3.0, 3.0, 3.0, 1.0
1.785165218677E12, 16.0, 16.0, 16.0, 27.0, 27.0, 27.0, 27.0, 34.0, 34.0, 34.0, 39.0, 39.0, 39.0, 39.0, 43.0, 43.0, 43.0, 46.0, 46.0, 46.0, 46.0, 51.0, 51.0, 51.0, 52.0, 52.0, 52.0, 53.0, 53.0, 53.0, 53.0, 54.0, 54.0, 54.0, 55.0, 55.0, 55.0, 51.0, 51.0, 51.0, 51.0, 51.0, 51.0, 51.0, 46.0, 46.0, 46.0, 44.0, 44.0, 44.0, 41.0, 41.0, 41.0, 39.0, 39.0, 39.0, 35.0, 35.0, 35.0, 35.0, 33.0, 33.0, 33.0, 28.0, 28.0, 28.0, 22.0, 22.0, 22.0, 16.0, 16.0, 16.0, 10.0, 10.0, 10.0, 10.0, 5.0, 5.0, 1.0, 1.0
1.785165220699E12, 15.0, 15.0, 15.0, 28.0, 28.0, 28.0, 28.0, 37.0, 37.0, 37.0, 43.0, 43.0, 43.0, 43.0, 47.0, 47.0, 47.0, 52.0, 52.0, 52.0, 52.0, 53.0, 53.0, 53.0, 57.0, 57.0, 57.0, 55.0, 55.0, 55.0, 52.0, 52.0, 52.0, 51.0, 51.0, 51.0, 49.0, 49.0, 49.0, 45.0, 45.0, 45.0, 45.0, 44.0, 44.0, 44.0, 41.0, 41.0, 41.0, 38.0, 38.0, 38.0, 34.0, 34.0, 34.0, 29.0, 29.0, 29.0, 26.0, 26.0, 26.0, 26.0, 21.0, 21.0, 21.0, 16.0, 16.0, 16.0, 10.0, 10.0, 10.0, 6.0, 6.0, 6.0, 3.0, 3.0
1.785165222723E12, 14.0, 14.0, 14.0, 28.0, 28.0, 28.0, 40.0, 40.0, 40.0, 40.0, 45.0, 45.0, 45.0, 49.0, 49.0, 49.0, 51.0, 51.0, 51.0, 52.0, 52.0, 52.0, 52.0, 53.0, 53.0, 53.0, 53.0, 53.0, 53.0, 50.0, 50.0, 50.0, 50.0, 50.0, 50.0, 45.0, 45.0, 45.0, 44.0, 44.0, 44.0, 44.0, 43.0, 43.0, 43.0, 43.0, 43.0, 43.0, 39.0, 39.0, 39.0, 39.0, 39.0, 39.0, 35.0, 35.0, 35.0, 31.0, 31.0, 31.0, 28.0, 28.0, 28.0, 23.0, 23.0, 23.0, 18.0, 18.0, 18.0, 18.0, 12.0, 12.0, 12.0, 7.0, 7.0, 7.0, 4.0, 4.0, 4.0, 1.0
1.785165225049E12, 18.0, 18.0, 18.0, 18.0, 30.0, 30.0, 30.0, 40.0, 40.0, 40.0, 40.0, 42.0, 42.0, 42.0, 42.0, 42.0, 42.0, 42.0, 47.0, 47.0, 47.0, 47.0, 47.0, 47.0, 47.0, 47.0, 47.0, 48.0, 48.0, 48.0, 46.0, 46.0, 46.0, 45.0, 45.0, 45.0, 45.0, 44.0, 44.0, 44.0, 43.0, 43.0, 43.0, 41.0, 41.0, 41.0, 42.0, 42.0, 42.0, 39.0, 39.0, 39.0, 37.0, 37.0, 37.0, 37.0, 35.0, 35.0, 35.0, 32.0, 32.0, 32.0, 28.0, 28.0, 28.0, 25.0, 25.0, 25.0, 20.0, 20.0, 16.0, 16.0, 16.0, 12.0, 12.0, 12.0, 7.0, 7.0, 7.0, 3.0, 3.0, 3.0, 3.0, 2.0, 2.0, 2.0
1.785165227448E12, 10.0, 10.0, 10.0, 10.0, 24.0, 24.0, 24.0, 36.0, 36.0, 36.0, 36.0, 43.0, 43.0, 43.0, 43.0, 48.0, 48.0, 48.0, 49.0, 49.0, 49.0, 52.0, 52.0, 52.0, 53.0, 53.0, 53.0, 53.0, 55.0, 55.0, 55.0, 54.0, 54.0, 54.0, 56.0, 56.0, 56.0, 56.0, 56.0, 56.0, 54.0, 54.0, 54.0, 54.0, 54.0, 54.0, 52.0, 52.0, 52.0, 52.0, 48.0, 48.0, 48.0, 48.0, 48.0, 45.0, 45.0, 45.0, 43.0, 43.0, 43.0, 40.0, 40.0, 40.0, 37.0, 37.0, 37.0, 33.0, 33.0, 33.0, 29.0, 29.0, 29.0, 25.0, 25.0, 25.0, 19.0, 19.0, 19.0, 15.0, 15.0, 9.0, 9.0, 9.0, 4.0, 4.0, 4.0, 0.0, 0.0
1.785165229776E12, 17.0, 17.0, 17.0, 29.0, 29.0, 29.0, 29.0, 39.0, 39.0, 39.0, 44.0, 44.0, 44.0, 50.0, 50.0, 50.0, 50.0, 52.0, 52.0, 52.0, 53.0, 53.0, 53.0, 55.0, 55.0, 55.0, 55.0, 54.0, 54.0, 54.0, 55.0, 55.0, 55.0, 55.0, 55.0, 55.0, 53.0, 53.0, 53.0, 53.0, 49.0, 49.0, 48.0, 48.0, 48.0, 44.0, 44.0, 44.0, 44.0, 41.0, 41.0, 41.0, 39.0, 39.0, 39.0, 36.0, 36.0, 36.0, 32.0, 32.0, 32.0, 28.0, 28.0, 28.0, 24.0, 24.0, 24.0, 19.0, 19.0, 19.0, 15.0, 15.0, 15.0, 9.0, 9.0, 9.0, 6.0, 6.0, 6.0, 1.0, 1.0, 1.0
1.785165232097E12, 17.0, 17.0, 17.0, 17.0, 27.0, 27.0, 27.0, 36.0, 36.0, 36.0, 42.0, 42.0, 42.0, 42.0, 46.0, 46.0, 46.0, 48.0, 48.0, 48.0, 48.0, 51.0, 51.0, 51.0, 51.0, 51.0, 51.0, 50.0, 50.0, 50.0, 50.0, 50.0, 50.0, 49.0, 49.0, 49.0, 48.0, 48.0, 48.0, 46.0, 46.0, 46.0, 45.0, 45.0, 45.0, 41.0, 41.0, 41.0, 40.0, 40.0, 40.0, 40.0, 36.0, 36.0, 36.0, 33.0, 33.0, 33.0, 29.0, 29.0, 29.0, 24.0, 24.0, 24.0, 19.0, 19.0, 19.0, 14.0, 14.0, 14.0, 14.0, 11.0, 11.0, 11.0, 6.0, 6.0, 6.0, 4.0
1.785165234717E12, 19.0, 19.0, 19.0, 19.0, 34.0, 34.0, 34.0, 34.0, 42.0, 42.0, 42.0, 46.0, 46.0, 46.0, 46.0, 49.0, 49.0, 52.0, 52.0, 52.0, 53.0, 53.0, 53.0, 53.0, 57.0, 57.0, 57.0, 58.0, 58.0, 58.0, 58.0, 58.0, 58.0, 58.0, 59.0, 59.0, 59.0, 58.0, 58.0, 58.0, 55.0, 55.0, 55.0, 54.0, 54.0, 54.0, 50.0, 50.0, 50.0, 46.0, 46.0, 46.0, 46.0, 42.0, 42.0, 42.0, 37.0, 37.0, 37.0, 32.0, 32.0, 32.0, 27.0, 27.0, 27.0, 23.0, 23.0, 18.0, 18.0, 18.0, 18.0, 14.0, 14.0, 14.0, 6.0, 6.0, 6.0, 3.0, 3.0, 3.0, 1.0, 1.0, 1.0
1.785165237123E12, 12.0, 12.0, 12.0, 12.0, 23.0, 23.0, 23.0, 33.0, 33.0, 33.0, 33.0, 38.0, 38.0, 38.0, 39.0, 39.0, 39.0, 42.0, 42.0, 42.0, 42.0, 44.0, 44.0, 44.0, 47.0, 47.0, 47.0, 47.0, 49.0, 49.0, 49.0, 51.0, 51.0, 51.0, 51.0, 49.0, 49.0, 49.0, 52.0, 52.0, 52.0, 49.0, 49.0, 49.0, 49.0, 50.0, 50.0, 50.0, 48.0, 48.0, 48.0, 47.0, 47.0, 47.0, 44.0, 44.0, 44.0, 44.0, 44.0, 44.0, 41.0, 41.0, 41.0, 36.0, 36.0, 36.0, 36.0, 33.0, 33.0, 27.0, 27.0, 27.0, 22.0, 22.0, 22.0, 22.0, 16.0, 16.0, 16.0, 10.0, 10.0, 10.0, 6.0, 6.0, 6.0, 2.0, 2.0, 2.0
1.785165239515E12, 9.0, 9.0, 9.0, 23.0, 23.0, 23.0, 37.0, 37.0, 37.0, 37.0, 48.0, 48.0, 48.0, 55.0, 55.0, 55.0, 56.0, 56.0, 56.0, 56.0, 61.0, 61.0, 61.0, 61.0, 61.0, 61.0, 60.0, 60.0, 60.0, 60.0, 60.0, 60.0, 57.0, 57.0, 57.0, 54.0, 54.0, 54.0, 54.0, 54.0, 54.0, 54.0, 53.0, 53.0, 49.0, 49.0, 49.0, 48.0, 48.0, 48.0, 48.0, 43.0, 43.0, 41.0, 41.0, 41.0, 38.0, 38.0, 38.0, 33.0, 33.0, 33.0, 30.0, 30.0, 30.0, 24.0, 24.0, 24.0, 19.0, 19.0, 19.0, 13.0, 13.0, 13.0, 8.0, 8.0, 8.0, 4.0, 4.0, 4.0, 1.0, 1.0
1.785165241848E12, 16.0, 16.0, 16.0, 16.0, 31.0, 31.0, 41.0, 41.0, 41.0, 41.0, 44.0, 44.0, 44.0, 49.0, 49.0, 49.0, 52.0, 52.0, 52.0, 52.0, 54.0, 54.0, 54.0, 56.0, 56.0, 56.0, 55.0, 55.0, 55.0, 55.0, 55.0, 55.0, 56.0, 56.0, 56.0, 56.0, 54.0, 54.0, 54.0, 53.0, 53.0, 53.0, 53.0, 53.0, 53.0, 51.0, 51.0, 51.0, 47.0, 47.0, 47.0, 46.0, 46.0, 46.0, 42.0, 42.0, 42.0, 39.0, 39.0, 33.0, 33.0, 33.0, 29.0, 29.0, 29.0, 29.0, 23.0, 23.0, 23.0, 19.0, 19.0, 19.0, 14.0, 14.0, 14.0, 9.0, 9.0, 9.0, 5.0, 5.0, 5.0, 1.0, 1.0
1.785165244248E12, 11.0, 11.0, 11.0, 25.0, 25.0, 25.0, 25.0, 36.0, 36.0, 36.0, 44.0, 44.0, 44.0, 51.0, 51.0, 51.0, 51.0, 55.0, 55.0, 55.0, 57.0, 57.0, 57.0, 59.0, 59.0, 59.0, 59.0, 56.0, 56.0, 53.0, 53.0, 53.0, 53.0, 53.0, 53.0, 52.0, 52.0, 52.0, 50.0, 50.0, 50.0, 48.0, 48.0, 48.0, 48.0, 46.0, 46.0, 46.0, 43.0, 43.0, 41.0, 41.0, 41.0, 35.0, 35.0, 35.0, 35.0, 32.0, 32.0, 26.0, 26.0, 26.0, 21.0, 21.0, 21.0, 15.0, 15.0, 15.0, 15.0, 11.0, 11.0, 11.0, 5.0, 5.0, 5.0, 1.0, 1.0
1.785165246647E12, 12.0, 12.0, 12.0, 12.0, 27.0, 27.0, 27.0, 41.0, 41.0, 41.0, 41.0, 50.0, 50.0, 50.0, 50.0, 50.0, 50.0, 54.0, 54.0, 54.0, 56.0, 56.0, 56.0, 58.0, 58.0, 58.0, 58.0, 61.0, 61.0, 61.0, 62.0, 62.0, 62.0, 62.0, 62.0, 62.0, 62.0, 62.0, 60.0, 60.0, 60.0, 60.0, 59.0, 59.0, 59.0, 60.0, 60.0, 60.0, 57.0, 57.0, 57.0, 54.0, 54.0, 55.0, 55.0, 55.0, 55.0, 53.0, 53.0, 53.0, 51.0, 51.0, 48.0, 48.0, 48.0, 44.0, 44.0, 44.0, 38.0, 38.0, 38.0, 34.0, 34.0, 28.0, 28.0, 28.0, 20.0, 20.0, 20.0, 14.0, 14.0, 14.0, 7.0, 7.0, 7.0, 3.0, 3.0, 3.0, 0.0
1.785165249048E12, 11.0, 11.0, 11.0, 27.0, 27.0, 27.0, 27.0, 41.0, 41.0, 41.0, 48.0, 48.0, 48.0, 51.0, 51.0, 51.0, 55.0, 55.0, 55.0, 55.0, 58.0, 58.0, 58.0, 56.0, 56.0, 56.0, 57.0, 57.0, 57.0, 56.0, 56.0, 56.0, 56.0, 56.0, 56.0, 56.0, 56.0, 56.0, 56.0, 55.0, 55.0, 55.0, 53.0, 53.0, 53.0, 53.0, 53.0, 53.0, 51.0, 51.0, 51.0, 48.0, 48.0, 48.0, 48.0, 48.0, 48.0, 44.0, 44.0, 44.0, 40.0, 40.0, 40.0, 36.0, 36.0, 32.0, 32.0, 32.0, 26.0, 26.0, 26.0, 21.0, 21.0, 21.0, 14.0, 14.0, 8.0, 8.0, 8.0, 2.0, 2.0, 2.0, 0.0, 0.0
1.785165251446E12, 16.0, 16.0, 16.0, 16.0, 33.0, 33.0, 33.0, 46.0, 46.0, 46.0, 52.0, 52.0, 52.0, 52.0, 61.0, 61.0, 61.0, 65.0, 65.0, 65.0, 68.0, 68.0, 68.0, 69.0, 69.0, 69.0, 68.0, 68.0, 68.0, 64.0, 64.0, 64.0, 62.0, 62.0, 62.0, 60.0, 60.0, 60.0, 56.0, 56.0, 56.0, 55.0, 55.0, 55.0, 51.0, 51.0, 51.0, 48.0, 48.0, 48.0, 46.0, 46.0, 46.0, 43.0, 43.0, 43.0, 40.0, 40.0, 40.0, 35.0, 35.0, 35.0, 30.0, 30.0, 30.0, 25.0, 25.0, 25.0, 22.0, 22.0, 16.0, 16.0, 16.0, 9.0, 9.0, 9.0, 4.0, 4.0, 4.0, 2.0
1.785165253997E12, 19.0, 19.0, 19.0, 19.0, 28.0, 28.0, 28.0, 34.0, 34.0, 34.0, 34.0, 36.0, 36.0, 36.0, 42.0, 42.0, 42.0, 46.0, 46.0, 46.0, 49.0, 49.0, 49.0, 54.0, 54.0, 54.0, 55.0, 55.0, 55.0, 56.0, 56.0, 56.0, 56.0, 57.0, 57.0, 57.0, 56.0, 56.0, 56.0, 54.0, 54.0, 54.0, 55.0, 55.0, 55.0, 52.0, 52.0, 52.0, 49.0, 49.0, 49.0, 48.0, 48.0, 48.0, 44.0, 44.0, 44.0, 41.0, 41.0, 41.0, 41.0, 37.0, 37.0, 37.0, 34.0, 34.0, 34.0, 28.0, 28.0, 24.0, 24.0, 24.0, 17.0, 17.0, 17.0, 13.0, 13.0, 13.0, 8.0, 8.0, 8.0, 4.0, 4.0, 4.0, 0.0, 0.0, 0.0
1.785165256399E12, 12.0, 12.0, 12.0, 24.0, 24.0, 24.0, 34.0, 34.0, 34.0, 34.0, 44.0, 44.0, 44.0, 47.0, 47.0, 47.0, 47.0, 51.0, 51.0, 51.0, 54.0, 54.0, 54.0, 55.0, 55.0, 55.0, 54.0, 54.0, 54.0, 56.0, 56.0, 56.0, 54.0, 54.0, 54.0, 54.0, 53.0, 53.0, 53.0, 52.0, 52.0, 52.0, 52.0, 52.0, 50.0, 50.0, 50.0, 50.0, 49.0, 49.0, 49.0, 45.0, 45.0, 45.0, 42.0, 42.0, 42.0, 40.0, 40.0, 40.0, 36.0, 36.0, 31.0, 31.0, 31.0, 28.0, 28.0, 28.0, 22.0, 22.0, 22.0, 16.0, 16.0, 16.0, 12.0, 12.0, 12.0, 6.0, 6.0, 6.0, 3.0, 3.0
1.785165258796E12, 23.0, 23.0, 23.0, 37.0, 37.0, 37.0, 37.0, 48.0, 48.0, 48.0, 52.0, 52.0, 52.0, 51.0, 51.0, 51.0, 51.0, 55.0, 55.0, 55.0, 56.0, 56.0, 56.0, 56.0, 56.0, 56.0, 57.0, 57.0, 57.0, 57.0, 55.0, 55.0, 55.0, 53.0, 53.0, 53.0, 52.0, 52.0, 52.0, 51.0, 51.0, 51.0, 48.0, 48.0, 48.0, 48.0, 48.0, 48.0, 44.0, 44.0, 44.0, 41.0, 41.0, 41.0, 41.0, 41.0, 41.0, 38.0, 38.0, 38.0, 35.0, 35.0, 35.0, 31.0, 31.0, 31.0, 26.0, 26.0, 26.0, 22.0, 22.0, 22.0, 17.0, 17.0, 17.0, 10.0, 10.0, 10.0, 5.0, 5.0, 5.0, 2.0
1.785165261272E12, 20.0, 20.0, 20.0, 20.0, 34.0, 34.0, 34.0, 43.0, 43.0, 43.0, 43.0, 48.0, 48.0, 48.0, 51.0, 51.0, 51.0, 51.0, 54.0, 54.0, 53.0, 53.0, 53.0, 53.0, 55.0, 55.0, 55.0, 53.0, 53.0, 53.0, 52.0, 52.0, 52.0, 51.0, 51.0, 51.0, 51.0, 50.0, 50.0, 50.0, 47.0, 47.0, 47.0, 47.0, 47.0, 44.0, 44.0, 44.0, 41.0, 41.0, 41.0, 40.0, 40.0, 40.0, 38.0, 38.0, 38.0, 34.0, 34.0, 34.0, 34.0, 33.0, 33.0, 33.0, 29.0, 29.0, 29.0, 26.0, 26.0, 26.0, 21.0, 21.0, 17.0, 17.0, 17.0, 11.0, 11.0, 11.0, 6.0, 6.0, 6.0, 2.0, 2.0, 2.0
1.785165263745E12, 13.0, 13.0, 13.0, 15.0, 15.0, 15.0, 16.0, 16.0, 16.0, 16.0, 15.0, 15.0, 15.0, 16.0, 16.0, 16.0, 16.0, 15.0, 15.0, 15.0, 15.0, 15.0, 15.0, 15.0, 15.0, 15.0, 15.0, 14.0, 14.0, 14.0, 14.0, 13.0, 13.0, 13.0, 13.0, 13.0, 13.0, 12.0, 12.0, 12.0, 12.0, 13.0, 13.0, 13.0, 13.0, 13.0, 13.0, 14.0, 14.0, 14.0, 14.0, 13.0, 13.0, 13.0, 13.0, 13.0, 13.0, 13.0, 14.0, 14.0, 14.0, 14.0, 14.0, 14.0, 14.0, 14.0, 14.0, 14.0, 12.0, 12.0, 12.0, 11.0, 11.0, 11.0, 11.0, 10.0, 10.0, 10.0, 8.0, 8.0, 8.0, 8.0, 7.0, 7.0, 7.0, 4.0
1.785165269597E12, 15.0, 15.0, 15.0, 15.0, 32.0, 32.0, 32.0, 32.0, 32.0, 46.0, 46.0, 46.0, 46.0, 50.0, 50.0, 50.0, 50.0, 50.0, 52.0, 52.0, 52.0, 52.0, 50.0, 50.0, 50.0, 50.0, 49.0, 49.0, 49.0, 49.0, 49.0, 49.0, 49.0, 49.0, 49.0, 49.0, 49.0, 49.0, 49.0, 50.0, 50.0, 50.0, 50.0, 53.0, 53.0, 53.0, 53.0, 53.0, 53.0, 53.0, 53.0, 51.0, 51.0, 51.0, 51.0, 51.0, 51.0, 51.0, 51.0, 47.0, 47.0, 47.0, 47.0, 44.0, 44.0, 44.0, 44.0, 41.0, 41.0, 41.0, 37.0, 37.0, 37.0, 37.0, 31.0, 31.0, 31.0, 31.0, 26.0, 26.0, 26.0, 26.0, 19.0, 19.0, 19.0, 19.0, 12.0, 12.0, 12.0, 7.0, 7.0, 7.0, 7.0, 2.0, 2.0, 2.0, 2.0, 1.0, 1.0, 1.0
1.785165271168E12, 17.0, 17.0, 17.0, 17.0, 30.0, 30.0, 30.0, 38.0, 38.0, 38.0, 38.0, 43.0, 43.0, 43.0, 43.0, 45.0, 45.0, 45.0, 45.0, 48.0, 48.0, 48.0, 48.0, 51.0, 51.0, 51.0, 53.0, 53.0, 53.0, 53.0, 53.0, 53.0, 53.0, 53.0, 54.0, 54.0, 54.0, 52.0, 52.0, 52.0, 49.0, 49.0, 49.0, 47.0, 47.0, 47.0, 47.0, 39.0, 39.0, 39.0, 39.0, 32.0, 32.0, 32.0, 23.0, 23.0, 23.0, 23.0, 14.0, 14.0, 14.0, 7.0, 7.0, 7.0, 2.0, 2.0, 2.0, 2.0, 0.0
1.78516527252E12, 15.0, 15.0, 15.0, 15.0, 24.0, 24.0, 24.0, 32.0, 32.0, 32.0, 32.0, 34.0, 34.0, 34.0, 39.0, 39.0, 39.0, 39.0, 38.0, 38.0, 38.0, 40.0, 40.0, 40.0, 40.0, 40.0, 40.0, 40.0, 41.0, 41.0, 41.0, 41.0, 41.0, 41.0, 41.0, 42.0, 42.0, 42.0, 42.0, 40.0, 40.0, 40.0, 37.0, 37.0, 37.0, 35.0, 35.0, 35.0, 31.0, 31.0, 31.0, 31.0, 25.0, 25.0, 25.0, 19.0, 19.0, 19.0, 19.0, 11.0, 11.0, 11.0, 4.0, 4.0, 4.0, 4.0, 1.0, 1.0, 1.0, 0.0
1.785165273794E12, 16.0, 16.0, 16.0, 16.0, 24.0, 24.0, 24.0, 30.0, 30.0, 30.0, 32.0, 32.0, 32.0, 32.0, 32.0, 32.0, 32.0, 35.0, 35.0, 35.0, 35.0, 35.0, 35.0, 35.0, 36.0, 36.0, 36.0, 36.0, 36.0, 36.0, 37.0, 37.0, 37.0, 37.0, 36.0, 36.0, 36.0, 36.0, 36.0, 36.0, 32.0, 32.0, 32.0, 32.0, 29.0, 29.0, 29.0, 25.0, 25.0, 25.0, 22.0, 22.0, 22.0, 15.0, 15.0, 15.0, 15.0, 9.0, 9.0, 9.0, 1.0, 1.0, 1.0, 0.0
1.785165275147E12, 11.0, 11.0, 11.0, 18.0, 18.0, 18.0, 23.0, 23.0, 23.0, 27.0, 27.0, 27.0, 27.0, 29.0, 29.0, 29.0, 30.0, 30.0, 30.0, 31.0, 31.0, 31.0, 31.0, 34.0, 34.0, 34.0, 36.0, 36.0, 36.0, 36.0, 39.0, 39.0, 39.0, 39.0, 39.0, 39.0, 37.0, 37.0, 37.0, 37.0, 37.0, 37.0, 37.0, 35.0, 35.0, 35.0, 30.0, 30.0, 30.0, 30.0, 26.0, 26.0, 26.0, 19.0, 19.0, 19.0, 11.0, 11.0, 11.0, 11.0, 5.0, 5.0, 5.0, 0.0, 0.0, 0.0
1.785165276268E12, 14.0, 14.0, 14.0, 19.0, 19.0, 19.0, 23.0, 23.0, 23.0, 23.0, 27.0, 27.0, 27.0, 33.0, 33.0, 33.0, 32.0, 32.0, 32.0, 32.0, 32.0, 32.0, 32.0, 29.0, 29.0, 29.0, 30.0, 30.0, 30.0, 30.0, 32.0, 32.0, 32.0, 32.0, 32.0, 32.0, 32.0, 31.0, 31.0, 31.0, 28.0, 28.0, 28.0, 24.0, 24.0, 24.0, 24.0, 16.0, 16.0, 16.0, 11.0, 11.0, 11.0, 3.0, 3.0, 3.0, 1.0, 1.0, 1.0, 1.0, 0.0
1.785165277544E12, 10.0, 10.0, 10.0, 19.0, 19.0, 19.0, 27.0, 27.0, 27.0, 27.0, 31.0, 31.0, 31.0, 34.0, 34.0, 34.0, 36.0, 36.0, 36.0, 36.0, 34.0, 34.0, 34.0, 35.0, 35.0, 35.0, 32.0, 32.0, 32.0, 32.0, 33.0, 33.0, 33.0, 33.0, 33.0, 33.0, 34.0, 34.0, 34.0, 33.0, 33.0, 33.0, 33.0, 33.0, 33.0, 32.0, 32.0, 32.0, 27.0, 27.0, 27.0, 23.0, 23.0, 23.0, 12.0, 12.0, 12.0, 7.0, 7.0, 7.0, 7.0, 2.0, 2.0, 2.0, 0.0
1.785165279048E12, 11.0, 11.0, 11.0, 18.0, 18.0, 18.0, 31.0, 31.0, 31.0, 31.0, 41.0, 41.0, 51.0, 51.0, 51.0, 51.0, 58.0, 58.0, 58.0, 65.0, 65.0, 65.0, 67.0, 67.0, 67.0, 67.0, 74.0, 74.0, 74.0, 73.0, 73.0, 73.0, 74.0, 74.0, 75.0, 75.0, 75.0, 75.0, 75.0, 75.0, 75.0, 75.0, 75.0, 78.0, 78.0, 78.0, 80.0, 80.0, 80.0, 78.0, 78.0, 79.0, 79.0, 79.0, 75.0, 75.0, 75.0, 71.0, 71.0, 71.0, 64.0, 64.0, 64.0, 50.0, 50.0, 50.0, 32.0, 32.0, 32.0, 20.0, 20.0, 7.0, 7.0, 7.0, 2.0, 2.0, 2.0, 0.0
1.785165280547E12, 17.0, 17.0, 17.0, 36.0, 36.0, 36.0, 55.0, 55.0, 55.0, 67.0, 67.0, 67.0, 71.0, 71.0, 71.0, 70.0, 70.0, 70.0, 74.0, 74.0, 74.0, 78.0, 78.0, 79.0, 79.0, 79.0, 84.0, 84.0, 84.0, 85.0, 85.0, 83.0, 83.0, 83.0, 84.0, 84.0, 84.0, 82.0, 82.0, 82.0, 79.0, 79.0, 83.0, 83.0, 83.0, 79.0, 79.0, 79.0, 75.0, 75.0, 72.0, 72.0, 68.0, 68.0, 68.0, 61.0, 61.0, 52.0, 52.0, 52.0, 41.0, 41.0, 25.0, 25.0, 25.0, 13.0, 13.0, 13.0, 4.0, 4.0, 0.0
1.785165282043E12, 23.0, 23.0, 34.0, 34.0, 34.0, 45.0, 45.0, 54.0, 54.0, 54.0, 60.0, 60.0, 60.0, 65.0, 65.0, 68.0, 68.0, 68.0, 72.0, 72.0, 72.0, 74.0, 74.0, 72.0, 72.0, 72.0, 74.0, 74.0, 74.0, 73.0, 73.0, 71.0, 71.0, 71.0, 75.0, 75.0, 74.0, 74.0, 73.0, 73.0, 73.0, 74.0, 74.0, 69.0, 69.0, 63.0, 63.0, 57.0, 57.0, 57.0, 49.0, 49.0, 35.0, 35.0, 35.0, 24.0, 24.0, 12.0, 12.0, 12.0, 5.0, 5.0, 0.0
1.785165283692E12, 19.0, 19.0, 34.0, 34.0, 34.0, 45.0, 45.0, 45.0, 52.0, 52.0, 56.0, 56.0, 56.0, 58.0, 58.0, 58.0, 59.0, 59.0, 59.0, 64.0, 64.0, 64.0, 64.0, 64.0, 63.0, 63.0, 66.0, 66.0, 66.0, 66.0, 66.0, 66.0, 66.0, 66.0, 67.0, 67.0, 67.0, 68.0, 68.0, 65.0, 65.0, 65.0, 65.0, 65.0, 60.0, 60.0, 55.0, 55.0, 55.0, 47.0, 47.0, 47.0, 36.0, 36.0, 27.0, 27.0, 27.0, 17.0, 17.0, 9.0, 9.0, 9.0, 0.0
1.785165285194E12, 17.0, 17.0, 32.0, 32.0, 32.0, 45.0, 45.0, 45.0, 55.0, 55.0, 61.0, 61.0, 61.0, 65.0, 65.0, 65.0, 69.0, 69.0, 69.0, 75.0, 75.0, 75.0, 75.0, 75.0, 73.0, 73.0, 74.0, 74.0, 74.0, 73.0, 73.0, 73.0, 69.0, 69.0, 69.0, 69.0, 69.0, 63.0, 63.0, 62.0, 62.0, 62.0, 62.0, 62.0, 59.0, 59.0, 51.0, 51.0, 51.0, 46.0, 46.0, 35.0, 35.0, 21.0, 21.0, 12.0, 12.0, 12.0, 5.0, 5.0
1.785165286844E12, 25.0, 25.0, 41.0, 41.0, 52.0, 52.0, 52.0, 60.0, 60.0, 60.0, 61.0, 61.0, 61.0, 63.0, 63.0, 67.0, 67.0, 67.0, 68.0, 68.0, 68.0, 67.0, 67.0, 70.0, 70.0, 69.0, 69.0, 69.0, 67.0, 67.0, 67.0, 67.0, 67.0, 64.0, 64.0, 61.0, 61.0, 61.0, 59.0, 59.0, 53.0, 53.0, 53.0, 45.0, 45.0, 39.0, 39.0, 39.0, 30.0, 30.0, 21.0, 21.0, 21.0, 12.0, 12.0, 6.0, 6.0, 6.0, 0.0
1.785165288493E12, 23.0, 23.0, 35.0, 35.0, 35.0, 46.0, 46.0, 46.0, 50.0, 50.0, 55.0, 55.0, 55.0, 59.0, 59.0, 59.0, 65.0, 65.0, 65.0, 67.0, 67.0, 72.0, 72.0, 72.0, 72.0, 72.0, 72.0, 71.0, 71.0, 75.0, 75.0, 75.0, 74.0, 74.0, 74.0, 74.0, 74.0, 76.0, 76.0, 76.0, 76.0, 76.0, 73.0, 73.0, 73.0, 70.0, 70.0, 67.0, 67.0, 56.0, 56.0, 56.0, 47.0, 47.0, 47.0, 33.0, 33.0, 21.0, 21.0, 10.0, 10.0, 10.0, 4.0, 4.0, 0.0
1.785165290067E12, 24.0, 24.0, 24.0, 37.0, 37.0, 51.0, 51.0, 51.0, 54.0, 54.0, 61.0, 61.0, 61.0, 61.0, 61.0, 61.0, 67.0, 67.0, 68.0, 68.0, 68.0, 70.0, 70.0, 70.0, 69.0, 69.0, 72.0, 72.0, 72.0, 68.0, 68.0, 68.0, 70.0, 70.0, 68.0, 68.0, 68.0, 66.0, 66.0, 66.0, 66.0, 66.0, 62.0, 62.0, 58.0, 58.0, 58.0, 53.0, 53.0, 46.0, 46.0, 36.0, 36.0, 36.0, 26.0, 26.0, 16.0, 16.0, 9.0, 9.0, 0.0
1.785165291795E12, 25.0, 25.0, 39.0, 39.0, 52.0, 52.0, 52.0, 57.0, 57.0, 57.0, 64.0, 64.0, 69.0, 69.0, 69.0, 76.0, 76.0, 76.0, 77.0, 77.0, 77.0, 77.0, 77.0, 79.0, 79.0, 79.0, 77.0, 77.0, 74.0, 74.0, 74.0, 74.0, 74.0, 72.0, 72.0, 72.0, 69.0, 69.0, 69.0, 69.0, 68.0, 68.0, 68.0, 63.0, 63.0, 61.0, 61.0, 61.0, 52.0, 52.0, 39.0, 39.0, 39.0, 28.0, 28.0, 17.0, 17.0, 17.0, 7.0, 7.0, 0.0
1.785165293442E12, 19.0, 30.0, 30.0, 30.0, 43.0, 43.0, 51.0, 51.0, 51.0, 56.0, 56.0, 56.0, 62.0, 62.0, 62.0, 69.0, 69.0, 73.0, 73.0, 74.0, 74.0, 74.0, 79.0, 79.0, 80.0, 80.0, 80.0, 78.0, 78.0, 78.0, 78.0, 78.0, 75.0, 75.0, 72.0, 72.0, 72.0, 70.0, 70.0, 69.0, 69.0, 69.0, 62.0, 62.0, 61.0, 61.0, 61.0, 53.0, 53.0, 45.0, 45.0, 45.0, 36.0, 36.0, 25.0, 25.0, 25.0, 16.0, 16.0, 6.0, 6.0, 6.0
1.785165295165E12, 17.0, 17.0, 17.0, 29.0, 29.0, 39.0, 39.0, 39.0, 46.0, 46.0, 51.0, 51.0, 51.0, 54.0, 54.0, 54.0, 58.0, 58.0, 61.0, 61.0, 61.0, 62.0, 62.0, 66.0, 66.0, 66.0, 67.0, 67.0, 65.0, 65.0, 64.0, 64.0, 64.0, 61.0, 61.0, 55.0, 55.0, 55.0, 53.0, 53.0, 47.0, 47.0, 47.0, 40.0, 40.0, 33.0, 33.0, 26.0, 26.0, 26.0, 19.0, 19.0, 19.0, 12.0, 12.0, 6.0, 6.0, 6.0, 0.0
1.785165296891E12, 15.0, 15.0, 28.0, 28.0, 28.0, 43.0, 43.0, 43.0, 48.0, 48.0, 48.0, 54.0, 54.0, 54.0, 54.0, 54.0, 55.0, 55.0, 55.0, 57.0, 57.0, 55.0, 55.0, 55.0, 53.0, 53.0, 53.0, 51.0, 51.0, 51.0, 50.0, 50.0, 48.0, 48.0, 48.0, 48.0, 48.0, 48.0, 42.0, 42.0, 37.0, 37.0, 37.0, 34.0, 34.0, 34.0, 30.0, 30.0, 25.0, 25.0, 25.0, 18.0, 18.0, 18.0, 13.0, 13.0, 13.0, 7.0, 7.0
1.785165298843E12, 24.0, 24.0, 34.0, 34.0, 34.0, 46.0, 46.0, 46.0, 49.0, 49.0, 49.0, 54.0, 54.0, 56.0, 56.0, 56.0, 60.0, 60.0, 60.0, 59.0, 59.0, 59.0, 61.0, 61.0, 59.0, 59.0, 59.0, 57.0, 57.0, 57.0, 57.0, 57.0, 56.0, 56.0, 54.0, 54.0, 54.0, 53.0, 53.0, 53.0, 49.0, 49.0, 49.0, 45.0, 45.0, 41.0, 41.0, 41.0, 34.0, 34.0, 29.0, 29.0, 29.0, 22.0, 22.0, 17.0, 17.0, 17.0, 9.0, 9.0, 5.0, 5.0, 5.0
1.785165300868E12, 18.0, 18.0, 33.0, 33.0, 33.0, 47.0, 47.0, 47.0, 55.0, 55.0, 55.0, 64.0, 64.0, 69.0, 69.0, 69.0, 70.0, 70.0, 70.0, 73.0, 73.0, 73.0, 72.0, 72.0, 72.0, 68.0, 68.0, 68.0, 68.0, 68.0, 66.0, 66.0, 66.0, 63.0, 63.0, 63.0, 64.0, 64.0, 64.0, 63.0, 63.0, 61.0, 61.0, 62.0, 62.0, 62.0, 57.0, 57.0, 57.0, 53.0, 53.0, 53.0, 50.0, 50.0, 43.0, 43.0, 43.0, 36.0, 36.0, 36.0, 27.0, 27.0, 27.0, 18.0, 18.0, 14.0, 14.0, 14.0, 8.0, 8.0, 8.0
1.785165303117E12, 17.0, 17.0, 30.0, 30.0, 30.0, 44.0, 44.0, 44.0, 53.0, 53.0, 53.0, 59.0, 59.0, 59.0, 61.0, 61.0, 68.0, 68.0, 68.0, 69.0, 69.0, 69.0, 65.0, 65.0, 65.0, 67.0, 67.0, 66.0, 66.0, 66.0, 63.0, 63.0, 63.0, 62.0, 62.0, 57.0, 57.0, 55.0, 55.0, 55.0, 54.0, 54.0, 54.0, 50.0, 50.0, 50.0, 47.0, 47.0, 47.0, 45.0, 45.0, 42.0, 42.0, 42.0, 37.0, 37.0, 33.0, 33.0, 33.0, 27.0, 27.0, 27.0, 19.0, 19.0, 19.0, 13.0, 13.0, 7.0, 7.0, 7.0, 0.0
1.785165305366E12, 14.0, 14.0, 26.0, 26.0, 26.0, 40.0, 40.0, 40.0, 47.0, 47.0, 47.0, 54.0, 54.0, 54.0, 55.0, 55.0, 55.0, 62.0, 62.0, 60.0, 60.0, 60.0, 58.0, 58.0, 58.0, 56.0, 56.0, 56.0, 54.0, 54.0, 54.0, 52.0, 52.0, 52.0, 52.0, 52.0, 52.0, 50.0, 50.0, 48.0, 48.0, 48.0, 49.0, 49.0, 49.0, 47.0, 47.0, 47.0, 45.0, 45.0, 45.0, 42.0, 42.0, 42.0, 38.0, 38.0, 33.0, 33.0, 33.0, 28.0, 28.0, 28.0, 23.0, 23.0, 16.0, 16.0, 16.0, 12.0, 12.0, 12.0, 5.0, 5.0, 5.0, 0.0, 0.0
1.785165307543E12, 11.0, 11.0, 11.0, 23.0, 23.0, 23.0, 37.0, 37.0, 37.0, 37.0, 43.0, 43.0, 43.0, 50.0, 50.0, 50.0, 50.0, 50.0, 50.0, 52.0, 52.0, 52.0, 53.0, 53.0, 53.0, 53.0, 53.0, 53.0, 51.0, 51.0, 51.0, 53.0, 53.0, 53.0, 50.0, 50.0, 50.0, 50.0, 50.0, 50.0, 48.0, 48.0, 47.0, 47.0, 47.0, 44.0, 44.0, 44.0, 43.0, 43.0, 43.0, 37.0, 37.0, 33.0, 33.0, 33.0, 31.0, 31.0, 31.0, 26.0, 26.0, 26.0, 21.0, 21.0, 15.0, 15.0, 15.0, 9.0, 9.0, 9.0, 4.0, 4.0, 4.0, 0.0
1.785165309943E12, 20.0, 20.0, 20.0, 33.0, 33.0, 33.0, 45.0, 45.0, 45.0, 48.0, 48.0, 48.0, 48.0, 50.0, 50.0, 50.0, 51.0, 51.0, 51.0, 50.0, 50.0, 50.0, 51.0, 51.0, 51.0, 50.0, 50.0, 50.0, 49.0, 49.0, 49.0, 49.0, 49.0, 49.0, 49.0, 47.0, 47.0, 47.0, 44.0, 44.0, 44.0, 44.0, 44.0, 44.0, 41.0, 41.0, 41.0, 39.0, 39.0, 39.0, 36.0, 36.0, 32.0, 32.0, 32.0, 27.0, 27.0, 27.0, 23.0, 23.0, 23.0, 19.0, 19.0, 19.0, 16.0, 16.0, 16.0, 13.0, 13.0, 13.0, 8.0, 8.0, 8.0, 4.0, 4.0, 4.0
1.785165312493E12, 15.0, 15.0, 15.0, 25.0, 25.0, 25.0, 38.0, 38.0, 38.0, 38.0, 42.0, 42.0, 42.0, 48.0, 48.0, 48.0, 48.0, 45.0, 45.0, 45.0, 46.0, 46.0, 46.0, 46.0, 47.0, 47.0, 47.0, 47.0, 47.0, 47.0, 46.0, 46.0, 46.0, 46.0, 46.0, 46.0, 45.0, 45.0, 45.0, 44.0, 44.0, 44.0, 43.0, 43.0, 43.0, 40.0, 40.0, 40.0, 40.0, 38.0, 38.0, 38.0, 35.0, 35.0, 35.0, 33.0, 33.0, 33.0, 29.0, 29.0, 29.0, 25.0, 25.0, 25.0, 21.0, 21.0, 21.0, 16.0, 16.0, 16.0, 14.0, 14.0, 14.0, 7.0, 7.0, 7.0, 7.0, 6.0, 6.0
1.785165315044E12, 9.0, 9.0, 9.0, 18.0, 18.0, 18.0, 28.0, 28.0, 28.0, 28.0, 36.0, 36.0, 36.0, 42.0, 42.0, 42.0, 42.0, 45.0, 45.0, 45.0, 44.0, 44.0, 44.0, 44.0, 45.0, 45.0, 45.0, 44.0, 44.0, 44.0, 44.0, 44.0, 44.0, 44.0, 40.0, 40.0, 40.0, 39.0, 39.0, 39.0, 39.0, 36.0, 36.0, 36.0, 34.0, 34.0, 34.0, 33.0, 33.0, 33.0, 30.0, 30.0, 30.0, 29.0, 29.0, 29.0, 29.0, 28.0, 28.0, 28.0, 27.0, 27.0, 27.0, 25.0, 25.0, 25.0, 25.0, 23.0, 23.0, 23.0, 20.0, 20.0, 20.0, 17.0, 17.0, 17.0, 17.0, 12.0, 12.0, 12.0, 7.0, 7.0, 7.0, 2.0, 2.0, 2.0, 2.0
1.785165317663E12, 14.0, 14.0, 14.0, 27.0, 27.0, 27.0, 40.0, 40.0, 40.0, 47.0, 47.0, 47.0, 47.0, 48.0, 48.0, 48.0, 48.0, 49.0, 49.0, 49.0, 49.0, 49.0, 49.0, 49.0, 47.0, 47.0, 47.0, 48.0, 48.0, 48.0, 48.0, 46.0, 46.0, 46.0, 45.0, 45.0, 45.0, 44.0, 44.0, 44.0, 42.0, 42.0, 42.0, 42.0, 40.0, 40.0, 40.0, 38.0, 38.0, 38.0, 35.0, 35.0, 35.0, 30.0, 30.0, 30.0, 28.0, 28.0, 28.0, 22.0, 22.0, 22.0, 22.0, 19.0, 19.0, 19.0, 13.0, 13.0, 13.0, 9.0, 9.0, 9.0, 6.0, 6.0, 6.0, 0.0
1.78516532022E12, 8.0, 8.0, 8.0, 18.0, 18.0, 18.0, 18.0, 30.0, 30.0, 30.0, 37.0, 37.0, 37.0, 37.0, 40.0, 40.0, 40.0, 39.0, 39.0, 39.0, 39.0, 41.0, 41.0, 41.0, 41.0, 42.0, 42.0, 42.0, 42.0, 42.0, 42.0, 42.0, 43.0, 43.0, 43.0, 43.0, 42.0, 42.0, 42.0, 41.0, 41.0, 41.0, 40.0, 40.0, 40.0, 40.0, 38.0, 38.0, 38.0, 35.0, 35.0, 35.0, 35.0, 34.0, 34.0, 34.0, 31.0, 31.0, 31.0, 28.0, 28.0, 28.0, 28.0, 25.0, 25.0, 25.0, 20.0, 20.0, 20.0, 20.0, 15.0, 15.0, 15.0, 11.0, 11.0, 11.0, 11.0, 7.0, 7.0, 7.0, 5.0, 5.0, 5.0, 5.0
1.785165322996E12, 8.0, 8.0, 8.0, 20.0, 20.0, 20.0, 20.0, 34.0, 34.0, 34.0, 34.0, 42.0, 42.0, 42.0, 47.0, 47.0, 47.0, 47.0, 49.0, 49.0, 49.0, 50.0, 50.0, 50.0, 50.0, 49.0, 49.0, 49.0, 49.0, 50.0, 50.0, 50.0, 48.0, 48.0, 48.0, 46.0, 46.0, 46.0, 46.0, 47.0, 47.0, 47.0, 45.0, 45.0, 45.0, 45.0, 41.0, 41.0, 41.0, 41.0, 39.0, 39.0, 39.0, 35.0, 35.0, 35.0, 31.0, 31.0, 31.0, 31.0, 28.0, 28.0, 28.0, 23.0, 23.0, 23.0, 23.0, 19.0, 19.0, 19.0, 14.0, 14.0, 14.0, 10.0, 10.0, 10.0, 10.0, 6.0, 6.0, 6.0, 3.0, 3.0, 3.0, 0.0
1.785165325771E12, 12.0, 12.0, 12.0, 18.0, 18.0, 18.0, 23.0, 23.0, 23.0, 23.0, 25.0, 25.0, 25.0, 25.0, 26.0, 26.0, 26.0, 27.0, 27.0, 27.0, 27.0, 28.0, 28.0, 28.0, 30.0, 30.0, 30.0, 30.0, 31.0, 31.0, 31.0, 31.0, 32.0, 32.0, 32.0, 33.0, 33.0, 33.0, 33.0, 34.0, 34.0, 34.0, 34.0, 33.0, 33.0, 33.0, 32.0, 32.0, 32.0, 31.0, 31.0, 31.0, 31.0, 30.0, 30.0, 30.0, 27.0, 27.0, 27.0, 25.0, 25.0, 25.0, 23.0, 23.0, 23.0, 23.0, 19.0, 19.0, 19.0, 19.0, 16.0, 16.0, 16.0, 10.0, 10.0, 10.0, 10.0, 5.0, 5.0, 5.0, 5.0, 2.0, 2.0, 2.0, 0.0
1.785165328392E12, 9.0, 9.0, 9.0, 9.0, 19.0, 19.0, 19.0, 29.0, 29.0, 29.0, 29.0, 29.0, 33.0, 33.0, 33.0, 33.0, 35.0, 35.0, 35.0, 35.0, 36.0, 36.0, 36.0, 36.0, 37.0, 37.0, 37.0, 36.0, 36.0, 36.0, 36.0, 36.0, 36.0, 36.0, 36.0, 34.0, 34.0, 34.0, 34.0, 32.0, 32.0, 32.0, 32.0, 31.0, 31.0, 31.0, 30.0, 30.0, 30.0, 30.0, 27.0, 27.0, 27.0, 27.0, 24.0, 24.0, 24.0, 20.0, 20.0, 20.0, 16.0, 16.0, 16.0, 16.0, 13.0, 13.0, 13.0, 10.0, 10.0, 10.0, 10.0, 7.0, 7.0, 7.0, 5.0, 5.0, 5.0, 5.0
1.785165330568E12, 20.0, 20.0, 20.0, 52.0, 52.0, 52.0, 89.0, 89.0, 89.0, 89.0, 117.0, 117.0, 117.0, 117.0, 137.0, 137.0, 137.0, 139.0, 139.0, 139.0, 134.0, 134.0, 134.0, 133.0, 133.0, 133.0, 128.0, 128.0, 128.0, 119.0, 119.0, 119.0, 116.0, 116.0, 116.0, 116.0, 108.0, 108.0, 108.0, 102.0, 102.0, 101.0, 101.0, 101.0, 96.0, 96.0, 96.0, 92.0, 92.0, 92.0, 92.0, 92.0, 89.0, 89.0, 89.0, 88.0, 88.0, 88.0, 89.0, 89.0, 87.0, 87.0, 87.0, 83.0, 83.0, 83.0, 81.0, 81.0, 81.0, 77.0, 77.0, 68.0, 68.0, 68.0, 59.0, 59.0, 59.0, 42.0, 42.0, 27.0, 27.0, 27.0, 13.0, 13.0, 13.0, 3.0, 3.0, 0.0, 0.0
1.785165332065E12, 19.0, 19.0, 39.0, 39.0, 39.0, 67.0, 67.0, 67.0, 85.0, 85.0, 85.0, 104.0, 104.0, 115.0, 115.0, 115.0, 120.0, 120.0, 120.0, 128.0, 128.0, 124.0, 124.0, 122.0, 122.0, 122.0, 121.0, 121.0, 121.0, 115.0, 115.0, 112.0, 112.0, 112.0, 113.0, 113.0, 108.0, 108.0, 101.0, 101.0, 101.0, 100.0, 100.0, 94.0, 94.0, 88.0, 88.0, 88.0, 86.0, 86.0, 80.0, 80.0, 72.0, 72.0, 67.0, 67.0, 67.0, 58.0, 58.0, 44.0, 44.0, 33.0, 33.0, 33.0, 20.0, 20.0, 11.0, 11.0
1.785165333492E12, 21.0, 21.0, 36.0, 36.0, 49.0, 49.0, 49.0, 59.0, 59.0, 68.0, 68.0, 71.0, 71.0, 71.0, 83.0, 83.0, 87.0, 87.0, 87.0, 88.0, 88.0, 90.0, 90.0, 90.0, 92.0, 92.0, 90.0, 90.0, 91.0, 91.0, 91.0, 90.0, 90.0, 89.0, 89.0, 88.0, 88.0, 88.0, 83.0, 83.0, 83.0, 83.0, 82.0, 82.0, 82.0, 74.0, 74.0, 65.0, 65.0, 61.0, 61.0, 47.0, 47.0, 47.0, 35.0, 35.0, 20.0, 20.0, 11.0, 11.0, 0.0
1.785165334992E12, 23.0, 23.0, 36.0, 36.0, 36.0, 55.0, 55.0, 65.0, 65.0, 65.0, 79.0, 79.0, 83.0, 83.0, 83.0, 90.0, 90.0, 100.0, 100.0, 100.0, 101.0, 99.0, 99.0, 100.0, 100.0, 100.0, 98.0, 98.0, 93.0, 93.0, 92.0, 92.0, 89.0, 89.0, 89.0, 86.0, 86.0, 81.0, 81.0, 77.0, 77.0, 70.0, 70.0, 66.0, 66.0, 53.0, 53.0, 53.0, 41.0, 31.0, 31.0, 31.0, 18.0, 18.0, 8.0, 8.0
1.785165336264E12, 32.0, 32.0, 45.0, 45.0, 45.0, 60.0, 60.0, 70.0, 70.0, 79.0, 79.0, 80.0, 80.0, 80.0, 90.0, 90.0, 91.0, 91.0, 90.0, 90.0, 90.0, 88.0, 88.0, 90.0, 90.0, 84.0, 84.0, 86.0, 86.0, 82.0, 82.0, 82.0, 84.0, 82.0, 82.0, 82.0, 80.0, 80.0, 78.0, 78.0, 74.0, 74.0, 62.0, 62.0, 49.0, 49.0, 49.0, 41.0, 41.0, 25.0, 25.0, 11.0, 11.0, 1.0, 1.0, 0.0
1.785165337765E12, 27.0, 27.0, 41.0, 41.0, 56.0, 56.0, 67.0, 67.0, 78.0, 78.0, 78.0, 84.0, 84.0, 91.0, 91.0, 100.0, 100.0, 99.0, 99.0, 99.0, 96.0, 96.0, 101.0, 101.0, 97.0, 97.0, 92.0, 92.0, 89.0, 89.0, 89.0, 89.0, 89.0, 84.0, 84.0, 80.0, 80.0, 74.0, 74.0, 68.0, 68.0, 60.0, 60.0, 60.0, 45.0, 34.0, 34.0, 34.0, 22.0, 22.0, 11.0, 11.0
1.785165339114E12, 24.0, 24.0, 35.0, 35.0, 51.0, 51.0, 61.0, 61.0, 68.0, 68.0, 68.0, 70.0, 70.0, 80.0, 80.0, 83.0, 83.0, 83.0, 84.0, 84.0, 81.0, 81.0, 83.0, 83.0, 83.0, 87.0, 87.0, 79.0, 79.0, 78.0, 78.0, 78.0, 85.0, 85.0, 87.0, 87.0, 80.0, 80.0, 77.0, 77.0, 75.0, 75.0, 75.0, 69.0, 69.0, 58.0, 58.0, 46.0, 46.0, 34.0, 34.0, 20.0, 20.0, 20.0, 6.0, 6.0, 0.0
1.785165340542E12, 23.0, 23.0, 36.0, 36.0, 50.0, 50.0, 62.0, 62.0, 76.0, 76.0, 76.0, 87.0, 87.0, 97.0, 97.0, 108.0, 108.0, 108.0, 108.0, 108.0, 103.0, 103.0, 107.0, 107.0, 103.0, 103.0, 96.0, 96.0, 96.0, 96.0, 96.0, 96.0, 96.0, 93.0, 93.0, 88.0, 88.0, 84.0, 84.0, 84.0, 82.0, 82.0, 75.0, 75.0, 62.0, 62.0, 49.0, 49.0, 42.0, 42.0, 28.0, 28.0, 13.0, 13.0, 4.0, 4.0, 0.0
1.785165342043E12, 28.0, 28.0, 42.0, 42.0, 57.0, 57.0, 66.0, 66.0, 66.0, 74.0, 74.0, 77.0, 77.0, 77.0, 79.0, 87.0, 87.0, 87.0, 82.0, 82.0, 82.0, 82.0, 87.0, 87.0, 87.0, 87.0, 82.0, 82.0, 82.0, 85.0, 85.0, 88.0, 88.0, 85.0, 85.0, 86.0, 86.0, 84.0, 84.0, 83.0, 83.0, 77.0, 77.0, 77.0, 70.0, 70.0, 61.0, 53.0, 53.0, 53.0, 35.0, 35.0, 22.0, 22.0, 9.0, 9.0, 0.0, 0.0
1.785165343615E12, 33.0, 45.0, 45.0, 45.0, 60.0, 60.0, 71.0, 71.0, 71.0, 81.0, 81.0, 85.0, 85.0, 94.0, 94.0, 96.0, 96.0, 96.0, 96.0, 96.0, 97.0, 97.0, 96.0, 96.0, 95.0, 95.0, 95.0, 95.0, 95.0, 92.0, 92.0, 88.0, 88.0, 92.0, 92.0, 88.0, 88.0, 88.0, 81.0, 81.0, 78.0, 78.0, 70.0, 70.0, 60.0, 60.0, 47.0, 47.0, 47.0, 29.0, 29.0, 18.0, 18.0, 7.0, 7.0, 0.0
1.785165345041E12, 20.0, 20.0, 34.0, 34.0, 48.0, 48.0, 63.0, 63.0, 74.0, 74.0, 74.0, 82.0, 82.0, 87.0, 87.0, 87.0, 92.0, 92.0, 98.0, 98.0, 96.0, 96.0, 95.0, 95.0, 95.0, 98.0, 97.0, 97.0, 97.0, 90.0, 90.0, 91.0, 91.0, 88.0, 88.0, 87.0, 87.0, 84.0, 84.0, 83.0, 83.0, 77.0, 77.0, 77.0, 71.0, 71.0, 62.0, 52.0, 52.0, 52.0, 48.0, 48.0, 28.0, 28.0, 17.0, 17.0, 4.0, 4.0
1.785165346692E12, 27.0, 27.0, 44.0, 44.0, 60.0, 60.0, 60.0, 71.0, 71.0, 82.0, 82.0, 84.0, 84.0, 84.0, 88.0, 88.0, 96.0, 96.0, 93.0, 93.0, 89.0, 89.0, 89.0, 92.0, 92.0, 92.0, 92.0, 87.0, 87.0, 87.0, 87.0, 91.0, 91.0, 87.0, 87.0, 87.0, 87.0, 87.0, 84.0, 84.0, 86.0, 86.0, 85.0, 85.0, 73.0, 73.0, 67.0, 67.0, 58.0, 58.0, 45.0, 45.0, 26.0, 26.0, 26.0, 15.0, 6.0, 6.0, 0.0
1.785165348116E12, 24.0, 24.0, 39.0, 39.0, 56.0, 56.0, 56.0, 72.0, 72.0, 86.0, 86.0, 93.0, 93.0, 104.0, 104.0, 114.0, 114.0, 114.0, 115.0, 115.0, 117.0, 117.0, 113.0, 113.0, 109.0, 109.0, 112.0, 112.0, 104.0, 104.0, 101.0, 101.0, 101.0, 102.0, 97.0, 97.0, 89.0, 89.0, 89.0, 85.0, 85.0, 82.0, 82.0, 75.0, 75.0, 68.0, 68.0, 53.0, 53.0, 43.0, 43.0, 31.0, 31.0, 20.0, 6.0, 6.0, 6.0, 0.0
1.785165349765E12, 37.0, 37.0, 48.0, 48.0, 62.0, 62.0, 62.0, 70.0, 70.0, 78.0, 78.0, 85.0, 85.0, 85.0, 91.0, 91.0, 96.0, 96.0, 95.0, 95.0, 93.0, 93.0, 90.0, 90.0, 90.0, 94.0, 94.0, 85.0, 85.0, 85.0, 85.0, 88.0, 88.0, 88.0, 88.0, 82.0, 82.0, 82.0, 83.0, 83.0, 84.0, 84.0, 83.0, 83.0, 79.0, 79.0, 72.0, 72.0, 67.0, 67.0, 60.0, 60.0, 45.0, 45.0, 25.0, 25.0, 17.0, 17.0, 7.0, 7.0, 0.0, 0.0
1.785165351338E12, 26.0, 26.0, 42.0, 42.0, 61.0, 61.0, 61.0, 76.0, 76.0, 90.0, 90.0, 96.0, 96.0, 96.0, 100.0, 100.0, 103.0, 103.0, 109.0, 109.0, 99.0, 99.0, 99.0, 91.0, 91.0, 96.0, 96.0, 94.0, 94.0, 84.0, 84.0, 82.0, 82.0, 88.0, 88.0, 86.0, 86.0, 86.0, 84.0, 84.0, 79.0, 84.0, 84.0, 83.0, 83.0, 71.0, 71.0, 62.0, 62.0, 60.0, 60.0, 53.0, 53.0, 35.0, 35.0, 15.0, 15.0, 11.0, 11.0
1.785165352841E12, 25.0, 25.0, 45.0, 45.0, 67.0, 85.0, 85.0, 85.0, 103.0, 103.0, 109.0, 109.0, 111.0, 111.0, 121.0, 121.0, 121.0, 126.0, 126.0, 120.0, 120.0, 113.0, 113.0, 110.0, 110.0, 107.0, 107.0, 107.0, 102.0, 102.0, 90.0, 90.0, 88.0, 88.0, 91.0, 91.0, 83.0, 83.0, 76.0, 76.0, 79.0, 79.0, 80.0, 80.0, 73.0, 73.0, 63.0, 57.0, 57.0, 49.0, 49.0, 41.0, 41.0, 20.0, 20.0, 7.0, 7.0, 0.0
1.785165354415E12, 23.0, 23.0, 36.0, 51.0, 51.0, 51.0, 64.0, 64.0, 79.0, 79.0, 89.0, 89.0, 94.0, 94.0, 102.0, 102.0, 102.0, 114.0, 114.0, 112.0, 112.0, 108.0, 108.0, 112.0, 112.0, 114.0, 114.0, 104.0, 104.0, 102.0, 102.0, 98.0, 98.0, 98.0, 98.0, 96.0, 96.0, 91.0, 91.0, 89.0, 89.0, 88.0, 78.0, 78.0, 64.0, 64.0, 56.0, 56.0, 46.0, 46.0, 31.0, 31.0, 14.0, 14.0, 14.0, 3.0, 3.0, 0.0
1.785165355914E12, 26.0, 26.0, 41.0, 41.0, 54.0, 54.0, 66.0, 66.0, 79.0, 79.0, 87.0, 87.0, 87.0, 92.0, 92.0, 106.0, 111.0, 111.0, 111.0, 106.0, 106.0, 107.0, 107.0, 109.0, 109.0, 104.0, 104.0, 101.0, 101.0, 101.0, 93.0, 93.0, 96.0, 96.0, 94.0, 94.0, 88.0, 88.0, 81.0, 81.0, 86.0, 86.0, 83.0, 83.0, 71.0, 71.0, 59.0, 59.0, 51.0, 51.0, 41.0, 41.0, 26.0, 26.0, 11.0, 11.0, 11.0, 1.0, 1.0, 0.0
1.785165357488E12, 27.0, 27.0, 41.0, 41.0, 59.0, 59.0, 73.0, 73.0, 88.0, 88.0, 93.0, 93.0, 109.0, 109.0, 116.0, 116.0, 116.0, 118.0, 116.0, 116.0, 116.0, 113.0, 113.0, 108.0, 108.0, 107.0, 107.0, 102.0, 102.0, 94.0, 94.0, 96.0, 96.0, 87.0, 87.0, 82.0, 82.0, 79.0, 79.0, 78.0, 78.0, 69.0, 69.0, 63.0, 63.0, 53.0, 53.0, 43.0, 43.0, 32.0, 32.0, 18.0, 18.0, 7.0, 7.0, 0.0
1.785165359068E12, 21.0, 21.0, 37.0, 52.0, 52.0, 52.0, 63.0, 63.0, 74.0, 74.0, 81.0, 81.0, 85.0, 85.0, 93.0, 93.0, 102.0, 102.0, 100.0, 100.0, 100.0, 103.0, 103.0, 101.0, 100.0, 100.0, 100.0, 100.0, 100.0, 92.0, 92.0, 92.0, 92.0, 94.0, 94.0, 89.0, 89.0, 81.0, 81.0, 82.0, 82.0, 77.0, 77.0, 70.0, 70.0, 62.0, 62.0, 50.0, 50.0, 40.0, 40.0, 26.0, 26.0, 26.0, 13.0, 13.0, 3.0, 3.0, 0.0
1.785165360641E12, 28.0, 48.0, 48.0, 48.0, 60.0, 60.0, 73.0, 73.0, 80.0, 80.0, 85.0, 85.0, 86.0, 86.0, 86.0, 100.0, 100.0, 103.0, 103.0, 98.0, 98.0, 99.0, 99.0, 102.0, 102.0, 102.0, 99.0, 99.0, 94.0, 94.0, 88.0, 88.0, 89.0, 89.0, 89.0, 89.0, 81.0, 81.0, 81.0, 76.0, 76.0, 81.0, 81.0, 76.0, 76.0, 65.0, 65.0, 59.0, 59.0, 56.0, 56.0, 46.0, 46.0, 32.0, 32.0, 17.0, 17.0, 9.0, 9.0, 0.0
1.78516536214E12, 28.0, 28.0, 45.0, 45.0, 45.0, 59.0, 59.0, 68.0, 68.0, 76.0, 76.0, 80.0, 80.0, 80.0, 91.0, 91.0, 99.0, 99.0, 100.0, 100.0, 100.0, 102.0, 102.0, 99.0, 99.0, 97.0, 97.0, 101.0, 101.0, 96.0, 96.0, 92.0, 92.0, 92.0, 91.0, 91.0, 91.0, 91.0, 87.0, 87.0, 86.0, 86.0, 79.0, 79.0, 74.0, 74.0, 69.0, 69.0, 60.0, 60.0, 48.0, 48.0, 48.0, 38.0, 38.0, 24.0, 24.0, 11.0, 11.0
1.785165363714E12, 32.0, 49.0, 49.0, 49.0, 62.0, 62.0, 75.0, 75.0, 83.0, 83.0, 89.0, 89.0, 93.0, 93.0, 104.0, 104.0, 103.0, 103.0, 95.0, 95.0, 99.0, 99.0, 99.0, 99.0, 99.0, 96.0, 96.0, 92.0, 92.0, 90.0, 90.0, 91.0, 91.0, 87.0, 87.0, 81.0, 81.0, 76.0, 76.0, 76.0, 79.0, 79.0, 70.0, 70.0, 61.0, 61.0, 53.0, 53.0, 47.0, 33.0, 33.0, 19.0, 19.0, 7.0, 7.0, 0.0
1.78516536529E12, 42.0, 60.0, 60.0, 60.0, 81.0, 81.0, 97.0, 97.0, 105.0, 105.0, 112.0, 112.0, 115.0, 115.0, 118.0, 118.0, 118.0, 118.0, 118.0, 109.0, 109.0, 104.0, 104.0, 108.0, 108.0, 101.0, 101.0, 92.0, 92.0, 93.0, 93.0, 95.0, 95.0, 87.0, 87.0, 82.0, 82.0, 82.0, 75.0, 75.0, 78.0, 78.0, 74.0, 74.0, 65.0, 53.0, 53.0, 49.0, 49.0, 49.0, 41.0, 41.0, 26.0, 9.0, 9.0, 1.0, 1.0, 0.0
1.785165366942E12, 35.0, 35.0, 52.0, 52.0, 77.0, 77.0, 102.0, 102.0, 126.0, 126.0, 126.0, 147.0, 147.0, 158.0, 158.0, 167.0, 167.0, 172.0, 172.0, 156.0, 156.0, 142.0, 142.0, 144.0, 144.0, 148.0, 148.0, 136.0, 136.0, 133.0, 133.0, 127.0, 127.0, 128.0, 128.0, 124.0, 124.0, 112.0, 112.0, 100.0, 100.0, 99.0, 99.0, 96.0, 96.0, 82.0, 82.0, 76.0, 76.0, 61.0, 61.0, 67.0, 67.0, 57.0, 57.0, 47.0, 32.0, 32.0, 22.0, 22.0, 17.0, 17.0
1.785165368515E12, 31.0, 46.0, 46.0, 60.0, 60.0, 76.0, 76.0, 76.0, 93.0, 93.0, 101.0, 101.0, 111.0, 111.0, 121.0, 121.0, 124.0, 124.0, 125.0, 113.0, 113.0, 109.0, 109.0, 109.0, 116.0, 116.0, 114.0, 114.0, 107.0, 107.0, 102.0, 102.0, 108.0, 108.0, 105.0, 105.0, 100.0, 100.0, 87.0, 81.0, 81.0, 87.0, 80.0, 80.0, 71.0, 71.0, 61.0, 61.0, 59.0, 60.0, 60.0, 52.0, 52.0, 35.0, 35.0, 19.0, 19.0, 12.0, 12.0, 0.0
1.785165370237E12, 38.0, 38.0, 55.0, 55.0, 71.0, 71.0, 90.0, 90.0, 110.0, 110.0, 119.0, 119.0, 128.0, 128.0, 137.0, 137.0, 139.0, 139.0, 138.0, 138.0, 127.0, 127.0, 122.0, 122.0, 131.0, 131.0, 127.0, 127.0, 114.0, 107.0, 107.0, 109.0, 109.0, 103.0, 103.0, 100.0, 100.0, 84.0, 84.0, 80.0, 80.0, 79.0, 79.0, 77.0, 77.0, 70.0, 70.0, 60.0, 60.0, 53.0, 50.0, 50.0, 45.0, 45.0, 30.0, 30.0, 14.0, 14.0, 7.0, 7.0, 0.0
1.785165371817E12, 28.0, 28.0, 47.0, 47.0, 65.0, 65.0, 81.0, 81.0, 102.0, 102.0, 114.0, 114.0, 119.0, 119.0, 131.0, 131.0, 136.0, 136.0, 132.0, 132.0, 125.0, 125.0, 118.0, 118.0, 118.0, 118.0, 118.0, 120.0, 120.0, 112.0, 112.0, 103.0, 103.0, 102.0, 102.0, 101.0, 101.0, 96.0, 96.0, 87.0, 81.0, 81.0, 74.0, 74.0, 80.0, 80.0, 71.0, 71.0, 66.0, 66.0, 52.0, 52.0, 52.0, 52.0, 44.0, 44.0, 37.0, 37.0, 19.0, 19.0, 9.0, 9.0, 0.0
1.785165373539E12, 33.0, 48.0, 48.0, 65.0, 65.0, 84.0, 84.0, 103.0, 103.0, 103.0, 112.0, 112.0, 120.0, 120.0, 129.0, 129.0, 128.0, 128.0, 128.0, 116.0, 116.0, 111.0, 111.0, 117.0, 117.0, 111.0, 111.0, 102.0, 102.0, 99.0, 99.0, 101.0, 101.0, 95.0, 95.0, 87.0, 87.0, 81.0, 81.0, 77.0, 77.0, 78.0, 78.0, 69.0, 69.0, 57.0, 50.0, 50.0, 48.0, 48.0, 43.0, 43.0, 34.0, 34.0, 16.0, 16.0, 12.0, 12.0
1.785165375263E12, 36.0, 52.0, 52.0, 69.0, 69.0, 69.0, 86.0, 100.0, 100.0, 100.0, 108.0, 108.0, 117.0, 117.0, 123.0, 123.0, 121.0, 121.0, 122.0, 122.0, 117.0, 117.0, 114.0, 114.0, 116.0, 116.0, 106.0, 106.0, 104.0, 104.0, 106.0, 106.0, 108.0, 108.0, 101.0, 101.0, 96.0, 96.0, 93.0, 85.0, 85.0, 83.0, 83.0, 75.0, 75.0, 68.0, 68.0, 64.0, 64.0, 55.0, 55.0, 43.0, 43.0, 36.0, 36.0, 24.0, 24.0, 19.0, 19.0, 0.0
1.785165376913E12, 29.0, 29.0, 46.0, 46.0, 67.0, 67.0, 83.0, 83.0, 104.0, 104.0, 115.0, 115.0, 121.0, 121.0, 129.0, 129.0, 135.0, 135.0, 129.0, 129.0, 124.0, 124.0, 124.0, 123.0, 123.0, 124.0, 124.0, 129.0, 129.0, 115.0, 115.0, 113.0, 113.0, 117.0, 117.0, 117.0, 117.0, 103.0, 103.0, 95.0, 95.0, 92.0, 92.0, 88.0, 88.0, 86.0, 86.0, 73.0, 73.0, 68.0, 64.0, 64.0, 62.0, 62.0, 52.0, 52.0, 37.0, 37.0, 27.0, 27.0, 19.0, 19.0
1.785165378716E12, 25.0, 45.0, 45.0, 62.0, 62.0, 81.0, 81.0, 98.0, 98.0, 118.0, 118.0, 124.0, 124.0, 129.0, 129.0, 137.0, 137.0, 136.0, 136.0, 124.0, 124.0, 122.0, 122.0, 121.0, 121.0, 123.0, 123.0, 121.0, 121.0, 105.0, 103.0, 103.0, 107.0, 107.0, 103.0, 103.0, 90.0, 90.0, 77.0, 77.0, 80.0, 76.0, 76.0, 74.0, 74.0, 62.0, 62.0, 52.0, 52.0, 50.0, 45.0, 45.0, 35.0, 35.0, 19.0, 19.0, 7.0, 7.0
1.78516538029E12, 43.0, 43.0, 56.0, 56.0, 74.0, 74.0, 94.0, 94.0, 115.0, 115.0, 121.0, 121.0, 121.0, 131.0, 131.0, 141.0, 141.0, 139.0, 132.0, 132.0, 119.0, 119.0, 115.0, 115.0, 122.0, 122.0, 113.0, 113.0, 100.0, 100.0, 99.0, 99.0, 100.0, 100.0, 102.0, 102.0, 89.0, 89.0, 81.0, 81.0, 74.0, 74.0, 77.0, 77.0, 68.0, 68.0, 59.0, 59.0, 49.0, 49.0, 47.0, 47.0, 39.0, 39.0, 29.0, 29.0, 14.0, 14.0, 4.0, 4.0, 0.0
1.78516538194E12, 26.0, 26.0, 44.0, 64.0, 64.0, 64.0, 80.0, 80.0, 100.0, 100.0, 109.0, 109.0, 113.0, 113.0, 121.0, 121.0, 124.0, 124.0, 119.0, 119.0, 116.0, 116.0, 106.0, 106.0, 110.0, 110.0, 114.0, 114.0, 112.0, 112.0, 101.0, 101.0, 101.0, 101.0, 105.0, 105.0, 95.0, 95.0, 87.0, 87.0, 79.0, 80.0, 80.0, 78.0, 78.0, 67.0, 67.0, 60.0, 60.0, 53.0, 53.0, 53.0, 39.0, 39.0, 34.0, 34.0, 17.0, 17.0, 12.0, 12.0
1.785165383664E12, 26.0, 26.0, 37.0, 37.0, 49.0, 49.0, 57.0, 57.0, 71.0, 71.0, 71.0, 75.0, 75.0, 84.0, 84.0, 93.0, 93.0, 103.0, 103.0, 94.0, 94.0, 94.0, 94.0, 92.0, 92.0, 92.0, 92.0, 92.0, 90.0, 90.0, 79.0, 79.0, 78.0, 79.0, 79.0, 72.0, 72.0, 63.0, 63.0, 57.0, 57.0, 58.0, 58.0, 50.0, 50.0, 44.0, 44.0, 34.0, 34.0, 28.0, 28.0, 21.0, 21.0, 11.0, 0.0
1.785165385539E12, 24.0, 24.0, 35.0, 35.0, 47.0, 47.0, 47.0, 53.0, 53.0, 57.0, 57.0, 57.0, 61.0, 61.0, 69.0, 69.0, 73.0, 73.0, 74.0, 74.0, 74.0, 72.0, 72.0, 73.0, 73.0, 71.0, 71.0, 69.0, 69.0, 65.0, 65.0, 63.0, 63.0, 59.0, 59.0, 59.0, 52.0, 52.0, 52.0, 52.0, 45.0, 45.0, 39.0, 39.0, 36.0, 36.0, 36.0, 28.0, 25.0, 25.0, 25.0, 14.0, 14.0, 9.0, 9.0, 0.0
1.785165387637E12, 26.0, 26.0, 37.0, 37.0, 50.0, 50.0, 54.0, 54.0, 54.0, 61.0, 61.0, 61.0, 64.0, 64.0, 67.0, 67.0, 67.0, 69.0, 69.0, 68.0, 68.0, 68.0, 67.0, 67.0, 68.0, 68.0, 68.0, 65.0, 65.0, 64.0, 64.0, 64.0, 61.0, 61.0, 59.0, 59.0, 57.0, 57.0, 57.0, 57.0, 57.0, 52.0, 52.0, 49.0, 49.0, 51.0, 51.0, 43.0, 43.0, 43.0, 37.0, 37.0, 33.0, 33.0, 26.0, 26.0, 16.0, 16.0, 16.0, 9.0, 9.0, 0.0
1.785165389664E12, 25.0, 25.0, 37.0, 37.0, 49.0, 49.0, 49.0, 58.0, 58.0, 58.0, 66.0, 66.0, 73.0, 73.0, 73.0, 79.0, 79.0, 82.0, 82.0, 82.0, 83.0, 83.0, 84.0, 84.0, 84.0, 80.0, 80.0, 76.0, 76.0, 76.0, 74.0, 70.0, 70.0, 70.0, 65.0, 65.0, 65.0, 62.0, 62.0, 54.0, 54.0, 54.0, 48.0, 48.0, 42.0, 42.0, 42.0, 37.0, 37.0, 27.0, 27.0, 23.0, 23.0, 23.0, 13.0, 13.0, 7.0, 7.0, 7.0, 0.0
1.785165391842E12, 22.0, 22.0, 22.0, 35.0, 46.0, 46.0, 46.0, 51.0, 51.0, 51.0, 58.0, 58.0, 58.0, 58.0, 58.0, 58.0, 58.0, 58.0, 58.0, 60.0, 60.0, 59.0, 59.0, 59.0, 58.0, 58.0, 58.0, 57.0, 57.0, 57.0, 55.0, 55.0, 53.0, 53.0, 53.0, 52.0, 52.0, 52.0, 49.0, 49.0, 49.0, 47.0, 47.0, 48.0, 48.0, 48.0, 43.0, 43.0, 39.0, 39.0, 39.0, 34.0, 34.0, 31.0, 31.0, 31.0, 24.0, 24.0, 24.0, 20.0, 20.0, 13.0, 13.0, 13.0, 10.0, 10.0, 10.0, 0.0
1.78516539409E12, 14.0, 14.0, 14.0, 27.0, 27.0, 27.0, 41.0, 41.0, 41.0, 48.0, 48.0, 48.0, 53.0, 53.0, 54.0, 54.0, 54.0, 57.0, 57.0, 57.0, 58.0, 58.0, 58.0, 55.0, 55.0, 55.0, 56.0, 56.0, 56.0, 55.0, 55.0, 55.0, 53.0, 53.0, 53.0, 53.0, 53.0, 53.0, 53.0, 53.0, 53.0, 51.0, 51.0, 53.0, 53.0, 53.0, 48.0, 48.0, 48.0, 46.0, 46.0, 46.0, 41.0, 41.0, 41.0, 37.0, 37.0, 31.0, 31.0, 31.0, 25.0, 25.0, 18.0, 18.0, 18.0, 10.0, 10.0, 10.0, 6.0, 6.0, 6.0, 0.0
1.785165396264E12, 20.0, 20.0, 20.0, 29.0, 29.0, 29.0, 39.0, 39.0, 39.0, 41.0, 41.0, 41.0, 45.0, 45.0, 45.0, 45.0, 48.0, 48.0, 48.0, 51.0, 51.0, 51.0, 56.0, 56.0, 56.0, 56.0, 56.0, 56.0, 56.0, 56.0, 56.0, 59.0, 59.0, 59.0, 56.0, 56.0, 54.0, 54.0, 54.0, 52.0, 52.0, 52.0, 49.0, 49.0, 49.0, 46.0, 46.0, 46.0, 44.0, 44.0, 44.0, 41.0, 41.0, 41.0, 36.0, 36.0, 33.0, 33.0, 33.0, 28.0, 28.0, 28.0, 23.0, 23.0, 23.0, 17.0, 17.0, 12.0, 12.0, 12.0, 7.0, 7.0, 7.0, 0.0
1.785165398667E12, 11.0, 11.0, 11.0, 21.0, 21.0, 21.0, 35.0, 35.0, 35.0, 35.0, 41.0, 41.0, 41.0, 46.0, 46.0, 46.0, 49.0, 49.0, 49.0, 54.0, 54.0, 54.0, 55.0, 55.0, 55.0, 55.0, 57.0, 57.0, 57.0, 56.0, 56.0, 56.0, 54.0, 54.0, 55.0, 55.0, 55.0, 53.0, 53.0, 53.0, 51.0, 51.0, 51.0, 48.0, 48.0, 48.0, 47.0, 47.0, 47.0, 43.0, 43.0, 43.0, 42.0, 42.0, 36.0, 36.0, 36.0, 32.0, 32.0, 32.0, 28.0, 28.0, 28.0, 23.0, 23.0, 23.0, 17.0, 17.0, 17.0, 12.0, 12.0, 12.0, 8.0, 8.0, 8.0
1.78516540114E12, 16.0, 16.0, 16.0, 28.0, 28.0, 28.0, 36.0, 36.0, 36.0, 41.0, 41.0, 41.0, 43.0, 43.0, 43.0, 45.0, 45.0, 45.0, 45.0, 50.0, 50.0, 50.0, 52.0, 52.0, 52.0, 51.0, 51.0, 51.0, 54.0, 54.0, 54.0, 52.0, 52.0, 52.0, 51.0, 51.0, 51.0, 51.0, 51.0, 51.0, 51.0, 51.0, 51.0, 49.0, 49.0, 49.0, 49.0, 49.0, 49.0, 46.0, 46.0, 46.0, 43.0, 43.0, 43.0, 41.0, 41.0, 41.0, 37.0, 37.0, 37.0, 33.0, 33.0, 33.0, 29.0, 29.0, 29.0, 24.0, 24.0, 24.0, 17.0, 17.0, 17.0, 11.0, 11.0, 11.0, 5.0, 5.0, 5.0, 0.0, 0.0
1.785165403688E12, 15.0, 15.0, 15.0, 18.0, 18.0, 18.0, 24.0, 24.0, 24.0, 24.0, 25.0, 25.0, 25.0, 28.0, 28.0, 28.0, 28.0, 27.0, 27.0, 27.0, 30.0, 30.0, 30.0, 31.0, 31.0, 31.0, 34.0, 34.0, 34.0, 37.0, 37.0, 37.0, 42.0, 42.0, 42.0, 42.0, 44.0, 44.0, 44.0, 47.0, 47.0, 47.0, 47.0, 47.0, 47.0, 45.0, 45.0, 45.0, 44.0, 44.0, 44.0, 38.0, 38.0, 38.0, 35.0, 35.0, 35.0, 32.0, 32.0, 32.0, 32.0, 28.0, 28.0, 28.0, 25.0, 25.0, 25.0, 19.0, 19.0, 19.0, 16.0, 16.0, 16.0, 10.0, 10.0, 10.0, 10.0, 7.0, 7.0, 7.0, 0.0, 0.0
1.785165405939E12, 15.0, 15.0, 15.0, 25.0, 25.0, 25.0, 35.0, 35.0, 35.0, 37.0, 37.0, 37.0, 37.0, 41.0, 41.0, 41.0, 41.0, 41.0, 41.0, 41.0, 41.0, 41.0, 41.0, 45.0, 45.0, 45.0, 46.0, 46.0, 46.0, 46.0, 46.0, 46.0, 46.0, 50.0, 50.0, 50.0, 48.0, 48.0, 48.0, 48.0, 48.0, 48.0, 48.0, 45.0, 45.0, 43.0, 43.0, 43.0, 39.0, 39.0, 39.0, 37.0, 37.0, 37.0, 37.0, 33.0, 33.0, 29.0, 29.0, 29.0, 24.0, 24.0, 24.0, 20.0, 20.0, 20.0, 15.0, 15.0, 15.0, 15.0, 10.0, 10.0, 10.0, 6.0, 6.0, 6.0, 0.0
1.785165408491E12, 12.0, 12.0, 12.0, 23.0, 23.0, 23.0, 23.0, 36.0, 36.0, 36.0, 41.0, 41.0, 41.0, 41.0, 44.0, 44.0, 44.0, 44.0, 44.0, 44.0, 44.0, 45.0, 45.0, 45.0, 45.0, 47.0, 47.0, 47.0, 47.0, 47.0, 47.0, 47.0, 47.0, 47.0, 47.0, 48.0, 48.0, 49.0, 49.0, 49.0, 49.0, 48.0, 48.0, 48.0, 49.0, 49.0, 49.0, 48.0, 48.0, 48.0, 46.0, 46.0, 46.0, 47.0, 47.0, 47.0, 44.0, 44.0, 44.0, 41.0, 41.0, 41.0, 41.0, 38.0, 38.0, 32.0, 32.0, 32.0, 32.0, 27.0, 27.0, 27.0, 21.0, 21.0, 21.0, 15.0, 15.0, 15.0, 9.0, 9.0, 9.0, 4.0, 4.0, 4.0
1.785165411117E12, 9.0, 9.0, 19.0, 19.0, 19.0, 19.0, 32.0, 32.0, 32.0, 38.0, 38.0, 38.0, 38.0, 43.0, 43.0, 43.0, 47.0, 47.0, 47.0, 47.0, 49.0, 49.0, 49.0, 52.0, 52.0, 52.0, 52.0, 54.0, 54.0, 54.0, 55.0, 55.0, 55.0, 52.0, 52.0, 52.0, 52.0, 55.0, 55.0, 55.0, 52.0, 52.0, 52.0, 49.0, 49.0, 49.0, 49.0, 44.0, 44.0, 44.0, 41.0, 41.0, 41.0, 37.0, 37.0, 37.0, 33.0, 33.0, 33.0, 33.0, 30.0, 30.0, 30.0, 26.0, 26.0, 26.0, 21.0, 21.0, 21.0, 16.0, 16.0, 16.0, 16.0, 11.0, 11.0, 11.0, 8.0, 8.0, 8.0, 3.0, 3.0, 3.0, 0.0, 0.0
1.78516541374E12, 14.0, 14.0, 14.0, 26.0, 26.0, 26.0, 26.0, 38.0, 38.0, 38.0, 44.0, 44.0, 44.0, 44.0, 49.0, 49.0, 49.0, 49.0, 50.0, 50.0, 50.0, 51.0, 51.0, 51.0, 52.0, 52.0, 52.0, 51.0, 51.0, 51.0, 49.0, 49.0, 49.0, 49.0, 50.0, 50.0, 50.0, 49.0, 49.0, 49.0, 46.0, 46.0, 46.0, 46.0, 46.0, 46.0, 46.0, 43.0, 43.0, 43.0, 40.0, 40.0, 40.0, 40.0, 38.0, 38.0, 38.0, 35.0, 35.0, 35.0, 31.0, 31.0, 31.0, 31.0, 28.0, 28.0, 28.0, 24.0, 24.0, 24.0, 20.0, 20.0, 20.0, 17.0, 17.0, 17.0, 17.0, 12.0, 12.0, 12.0, 8.0, 8.0, 8.0, 3.0, 3.0, 3.0, 0.0
1.78516541644E12, 12.0, 12.0, 12.0, 24.0, 24.0, 24.0, 24.0, 33.0, 33.0, 33.0, 33.0, 37.0, 37.0, 37.0, 38.0, 38.0, 38.0, 38.0, 41.0, 41.0, 41.0, 44.0, 44.0, 44.0, 48.0, 48.0, 48.0, 48.0, 50.0, 50.0, 50.0, 51.0, 51.0, 51.0, 51.0, 54.0, 54.0, 54.0, 53.0, 53.0, 53.0, 51.0, 51.0, 51.0, 51.0, 51.0, 51.0, 48.0, 48.0, 48.0, 48.0, 45.0, 45.0, 45.0, 43.0, 43.0, 43.0, 40.0, 40.0, 40.0, 35.0, 35.0, 35.0, 35.0, 31.0, 31.0, 25.0, 25.0, 25.0, 20.0, 20.0, 20.0, 14.0, 14.0, 14.0, 9.0, 9.0, 9.0, 4.0, 4.0, 4.0, 4.0, 0.0
1.785165419213E12, 16.0, 16.0, 16.0, 24.0, 24.0, 24.0, 24.0, 31.0, 31.0, 31.0, 31.0, 33.0, 33.0, 33.0, 35.0, 35.0, 35.0, 35.0, 36.0, 36.0, 36.0, 36.0, 36.0, 36.0, 36.0, 35.0, 35.0, 35.0, 35.0, 34.0, 34.0, 34.0, 32.0, 32.0, 32.0, 32.0, 31.0, 31.0, 31.0, 29.0, 29.0, 29.0, 29.0, 27.0, 27.0, 27.0, 24.0, 24.0, 24.0, 24.0, 22.0, 22.0, 22.0, 22.0, 19.0, 19.0, 19.0, 15.0, 15.0, 15.0, 15.0, 12.0, 12.0, 12.0, 9.0, 9.0, 9.0, 9.0, 6.0, 6.0, 6.0, 4.0, 4.0, 4.0, 4.0
1.785165421915E12, 8.0, 8.0, 8.0, 8.0, 12.0, 12.0, 12.0, 18.0, 18.0, 18.0, 18.0, 17.0, 17.0, 17.0, 17.0, 21.0, 21.0, 21.0, 20.0, 20.0, 20.0, 20.0, 24.0, 24.0, 24.0, 24.0, 23.0, 23.0, 23.0, 23.0, 25.0, 25.0, 25.0, 25.0, 26.0, 26.0, 26.0, 26.0, 26.0, 26.0, 26.0, 26.0, 26.0, 26.0, 26.0, 26.0, 24.0, 24.0, 24.0, 24.0, 22.0, 22.0, 22.0, 22.0, 20.0, 20.0, 20.0, 16.0, 16.0, 16.0, 16.0, 13.0, 13.0, 13.0, 13.0, 9.0, 9.0, 9.0, 9.0, 7.0, 7.0, 7.0, 4.0, 4.0, 4.0, 4.0, 0.0
1.785165424613E12, 7.0, 7.0, 7.0, 7.0, 15.0, 15.0, 0.0, 0.0, 26.0, 26.0, 26.0, 26.0, 32.0, 32.0, 32.0, 32.0, 36.0, 36.0, 36.0, 36.0, 36.0, 36.0, 36.0, 36.0, 38.0, 38.0, 38.0, 38.0, 39.0, 39.0, 39.0, 39.0, 37.0, 37.0, 37.0, 37.0, 37.0, 37.0, 37.0, 37.0, 34.0, 34.0, 34.0, 34.0, 31.0, 31.0, 31.0, 31.0, 29.0, 29.0, 29.0, 29.0, 26.0, 26.0, 26.0, 26.0, 23.0, 23.0, 23.0, 20.0, 20.0, 20.0, 20.0, 16.0, 16.0, 16.0, 16.0, 13.0, 13.0, 13.0, 13.0, 11.0, 11.0, 11.0, 11.0, 8.0, 8.0, 8.0, 8.0, 5.0, 5.0, 5.0, 5.0, 0.0, 0.0, 0.0, 0.0, 0.0
1.78516542739E12, 7.0, 7.0, 7.0, 7.0, 16.0, 16.0, 16.0, 16.0, 23.0, 23.0, 23.0, 23.0, 23.0, 27.0, 27.0, 27.0, 27.0, 29.0, 29.0, 29.0, 29.0, 29.0, 29.0, 29.0, 29.0, 29.0, 29.0, 29.0, 29.0, 29.0, 29.0, 29.0, 29.0, 29.0, 29.0, 27.0, 27.0, 27.0, 27.0, 25.0, 25.0, 25.0, 23.0, 23.0, 23.0, 23.0, 23.0, 21.0, 21.0, 21.0, 18.0, 18.0, 18.0, 18.0, 18.0, 17.0, 17.0, 17.0, 17.0, 14.0, 14.0, 14.0, 13.0, 13.0, 13.0, 13.0, 13.0, 11.0, 11.0, 11.0, 11.0, 8.0, 8.0, 8.0, 8.0, 6.0, 6.0, 6.0, 6.0, 3.0, 3.0, 3.0, 3.0
1.785165430166E12, 6.0, 6.0, 6.0, 6.0, 14.0, 14.0, 14.0, 14.0, 23.0, 23.0, 23.0, 23.0, 23.0, 28.0, 28.0, 28.0, 28.0, 28.0, 31.0, 31.0, 31.0, 31.0, 31.0, 31.0, 31.0, 31.0, 29.0, 29.0, 29.0, 29.0, 29.0, 30.0, 30.0, 30.0, 30.0, 29.0, 29.0, 29.0, 29.0, 29.0, 28.0, 28.0, 28.0, 28.0, 26.0, 26.0, 26.0, 26.0, 24.0, 24.0, 24.0, 24.0, 22.0, 22.0, 22.0, 22.0, 22.0, 20.0, 20.0, 20.0, 20.0, 17.0, 17.0, 17.0, 17.0, 14.0, 14.0, 14.0, 14.0, 13.0, 13.0, 13.0, 13.0, 10.0, 10.0, 10.0, 10.0, 10.0, 8.0, 8.0, 8.0, 8.0, 5.0, 5.0, 5.0, 5.0, 3.0, 3.0, 3.0, 3.0, 0.0, 0.0
1.785165433016E12, 6.0, 6.0, 6.0, 6.0, 16.0, 16.0, 16.0, 16.0, 26.0, 26.0, 26.0, 26.0, 26.0, 29.0, 29.0, 29.0, 29.0, 29.0, 31.0, 31.0, 31.0, 31.0, 30.0, 30.0, 30.0, 30.0, 31.0, 31.0, 31.0, 31.0, 31.0, 31.0, 31.0, 31.0, 31.0, 31.0, 31.0, 31.0, 31.0, 31.0, 31.0, 31.0, 31.0, 32.0, 32.0, 32.0, 32.0, 32.0, 31.0, 31.0, 31.0, 31.0, 28.0, 28.0, 28.0, 28.0, 26.0, 26.0, 26.0, 26.0, 22.0, 22.0, 22.0, 22.0, 18.0, 18.0, 18.0, 18.0, 18.0, 16.0, 16.0, 16.0, 16.0, 12.0, 12.0, 12.0, 12.0, 8.0, 8.0, 8.0, 8.0, 8.0, 4.0, 4.0, 4.0, 4.0, 2.0, 2.0, 2.0, 2.0, 0.0, 0.0
1.785165435567E12, 7.0, 7.0, 7.0, 7.0, 7.0, 13.0, 13.0, 13.0, 13.0, 18.0, 18.0, 18.0, 18.0, 18.0, 18.0, 18.0, 18.0, 18.0, 19.0, 19.0, 19.0, 19.0, 19.0, 18.0, 18.0, 18.0, 18.0, 19.0, 19.0, 19.0, 19.0, 19.0, 19.0, 19.0, 19.0, 19.0, 19.0, 19.0, 19.0, 19.0, 19.0, 17.0, 17.0, 17.0, 17.0, 17.0, 16.0, 16.0, 16.0, 16.0, 14.0, 14.0, 14.0, 14.0, 13.0, 13.0, 13.0, 13.0, 13.0, 11.0, 11.0, 11.0, 11.0, 10.0, 10.0, 10.0, 10.0, 10.0, 8.0, 8.0, 8.0, 8.0, 8.0, 7.0, 7.0, 7.0, 7.0, 4.0, 4.0, 4.0, 4.0, 2.0, 2.0, 2.0, 2.0, 2.0
1.785165438265E12, 5.0, 5.0, 5.0, 5.0, 13.0, 13.0, 13.0, 13.0, 13.0, 20.0, 20.0, 20.0, 20.0, 20.0, 23.0, 23.0, 23.0, 23.0, 23.0, 24.0, 24.0, 24.0, 24.0, 23.0, 23.0, 23.0, 23.0, 22.0, 22.0, 22.0, 22.0, 22.0, 25.0, 25.0, 25.0, 25.0, 25.0, 25.0, 25.0, 25.0, 25.0, 26.0, 26.0, 26.0, 26.0, 25.0, 25.0, 25.0, 25.0, 25.0, 26.0, 26.0, 26.0, 26.0, 26.0, 26.0, 26.0, 26.0, 26.0, 24.0, 24.0, 24.0, 24.0, 23.0, 23.0, 23.0, 23.0, 20.0, 20.0, 20.0, 20.0, 20.0, 17.0, 17.0, 17.0, 17.0, 14.0, 14.0, 14.0, 14.0, 14.0, 10.0, 10.0, 10.0, 10.0, 6.0, 6.0, 6.0, 6.0, 6.0, 3.0, 3.0, 3.0, 3.0, 1.0, 1.0, 1.0, 1.0, 1.0
1.785165440739E12, 5.0, 5.0, 5.0, 5.0, 12.0, 12.0, 12.0, 12.0, 12.0, 20.0, 20.0, 20.0, 20.0, 20.0, 24.0, 24.0, 24.0, 24.0, 24.0, 25.0, 25.0, 25.0, 25.0, 25.0, 25.0, 25.0, 25.0, 25.0, 24.0, 24.0, 24.0, 24.0, 24.0, 23.0, 23.0, 23.0, 23.0, 23.0, 22.0, 22.0, 22.0, 22.0, 22.0, 22.0, 22.0, 22.0, 22.0, 20.0, 20.0, 20.0, 20.0, 20.0, 20.0, 20.0, 20.0, 20.0, 18.0, 18.0, 18.0, 18.0, 16.0, 16.0, 16.0, 16.0, 16.0, 13.0, 13.0, 13.0, 13.0, 13.0, 11.0, 11.0, 11.0, 11.0, 8.0, 8.0, 8.0, 8.0, 8.0, 5.0, 5.0, 5.0, 5.0, 2.0, 2.0, 2.0, 2.0, 2.0, 0.0, 0.0
1.78516544284E12, 6.0, 6.0, 6.0, 6.0, 10.0, 10.0, 10.0, 10.0, 10.0, 12.0, 12.0, 12.0, 12.0, 12.0, 13.0, 13.0, 13.0, 13.0, 13.0, 13.0, 13.0, 13.0, 13.0, 12.0, 12.0, 12.0, 12.0, 12.0, 12.0, 12.0, 12.0, 12.0, 12.0, 12.0, 12.0, 12.0, 12.0, 12.0, 12.0, 12.0, 12.0, 12.0, 12.0, 11.0, 11.0, 11.0, 11.0, 11.0, 11.0, 11.0, 11.0, 11.0, 11.0, 9.0, 9.0, 9.0, 9.0, 9.0, 9.0, 9.0, 9.0, 9.0, 7.0, 7.0, 7.0, 7.0, 7.0, 6.0, 6.0, 6.0, 6.0, 6.0, 2.0, 2.0, 2.0, 2.0, 2.0, 1.0, 1.0, 1.0, 1.0, 1.0, 0.0
1.785165445238E12, 5.0, 5.0, 5.0, 5.0, 9.0, 9.0, 9.0, 9.0, 9.0, 9.0, 15.0, 15.0, 15.0, 15.0, 15.0, 15.0, 15.0, 15.0, 15.0, 15.0, 17.0, 17.0, 17.0, 17.0, 16.0, 16.0, 16.0, 16.0, 16.0, 16.0, 16.0, 16.0, 16.0, 16.0, 16.0, 16.0, 16.0, 16.0, 16.0, 16.0, 15.0, 15.0, 15.0, 15.0, 15.0, 14.0, 14.0, 14.0, 14.0, 14.0, 14.0, 14.0, 14.0, 14.0, 12.0, 12.0, 12.0, 12.0, 12.0, 11.0, 11.0, 11.0, 11.0, 11.0, 9.0, 9.0, 9.0, 9.0, 9.0, 7.0, 7.0, 7.0, 7.0, 7.0, 6.0, 6.0, 6.0, 6.0, 6.0, 4.0, 4.0, 4.0, 4.0, 4.0, 2.0, 2.0, 2.0, 2.0, 2.0
1.785165447338E12, 5.0, 5.0, 5.0, 5.0, 5.0, 11.0, 11.0, 11.0, 11.0, 11.0, 11.0, 16.0, 16.0, 16.0, 16.0, 16.0, 17.0, 17.0, 17.0, 17.0, 17.0, 15.0, 15.0, 15.0, 15.0, 15.0, 13.0, 13.0, 13.0, 13.0, 13.0, 12.0, 12.0, 12.0, 12.0, 12.0, 12.0, 12.0, 12.0, 12.0, 12.0, 13.0, 13.0, 13.0, 13.0, 13.0, 12.0, 12.0, 12.0, 12.0, 12.0, 11.0, 11.0, 11.0, 11.0, 11.0, 9.0, 9.0, 9.0, 9.0, 9.0, 8.0, 8.0, 8.0, 8.0, 8.0, 8.0, 8.0, 8.0, 8.0, 8.0, 7.0, 7.0, 7.0, 7.0, 7.0, 7.0, 6.0, 6.0, 6.0, 6.0, 5.0, 5.0, 5.0, 5.0, 5.0, 4.0, 4.0, 4.0, 4.0, 4.0, 2.0, 2.0, 2.0, 2.0, 2.0, 2.0
1.785165449437E12, 9.0, 9.0, 9.0, 9.0, 9.0, 15.0, 15.0, 15.0, 15.0, 15.0, 21.0, 21.0, 21.0, 21.0, 21.0, 19.0, 19.0, 19.0, 19.0, 19.0, 18.0, 18.0, 18.0, 18.0, 18.0, 18.0, 16.0, 16.0, 16.0, 16.0, 16.0, 16.0, 16.0, 16.0, 16.0, 16.0, 17.0, 17.0, 17.0, 17.0, 17.0, 16.0, 16.0, 16.0, 16.0, 16.0, 16.0, 15.0, 15.0, 15.0, 15.0, 15.0, 14.0, 14.0, 14.0, 14.0, 14.0, 13.0, 13.0, 13.0, 13.0, 13.0, 11.0, 11.0, 11.0, 11.0, 11.0, 10.0, 10.0, 10.0, 10.0, 10.0, 7.0, 7.0, 7.0, 7.0, 7.0, 5.0, 5.0, 5.0, 5.0, 5.0, 2.0, 2.0, 2.0, 2.0, 2.0, 0.0, 0.0, 0.0, 0.0, 0.0, 0.0, 0.0
1.785165451612E12, 4.0, 4.0, 4.0, 4.0, 8.0, 8.0, 8.0, 8.0, 8.0, 8.0, 12.0, 12.0, 12.0, 12.0, 12.0, 12.0, 12.0, 12.0, 12.0, 12.0, 12.0, 13.0, 13.0, 13.0, 13.0, 13.0, 11.0, 11.0, 11.0, 11.0, 11.0, 11.0, 11.0, 11.0, 11.0, 11.0, 11.0, 11.0, 11.0, 11.0, 11.0, 10.0, 10.0, 10.0, 10.0, 10.0, 10.0, 10.0, 10.0, 10.0, 10.0, 10.0, 9.0, 9.0, 9.0, 9.0, 9.0, 9.0, 9.0, 9.0, 9.0, 9.0, 7.0, 7.0, 7.0, 7.0, 7.0, 6.0, 6.0, 6.0, 6.0, 6.0, 6.0, 5.0, 5.0, 5.0, 5.0, 5.0, 3.0, 3.0, 3.0, 3.0, 3.0, 1.0, 1.0, 1.0, 1.0, 1.0, 1.0, 0.0
1.78516545379E12, 4.0, 4.0, 4.0, 4.0, 4.0, 9.0, 9.0, 9.0, 9.0, 9.0, 9.0, 13.0, 13.0, 13.0, 13.0, 13.0, 13.0, 14.0, 14.0, 14.0, 14.0, 14.0, 14.0, 14.0, 14.0, 14.0, 14.0, 12.0, 12.0, 12.0, 12.0, 12.0, 12.0, 13.0, 13.0, 13.0, 13.0, 13.0, 13.0, 11.0, 11.0, 11.0, 11.0, 11.0, 12.0, 12.0, 12.0, 12.0, 12.0, 12.0, 10.0, 10.0, 10.0, 10.0, 10.0, 9.0, 9.0, 9.0, 9.0, 9.0, 7.0, 7.0, 7.0, 7.0, 7.0, 7.0, 5.0, 5.0, 5.0, 5.0, 5.0, 4.0, 4.0, 4.0, 4.0, 4.0, 4.0, 1.0, 1.0, 1.0, 1.0, 1.0, 1.0, 0.0
1.78516545604E12, 14.0, 14.0, 14.0, 14.0, 41.0, 41.0, 41.0, 41.0, 41.0, 85.0, 85.0, 85.0, 85.0, 85.0, 123.0, 123.0, 123.0, 123.0, 145.0, 145.0, 145.0, 145.0, 156.0, 156.0, 156.0, 156.0, 158.0, 158.0, 158.0, 158.0, 156.0, 156.0, 156.0, 156.0, 156.0, 156.0, 156.0, 145.0, 145.0, 145.0, 135.0, 135.0, 135.0, 135.0, 135.0, 135.0, 135.0, 126.0, 126.0, 126.0, 121.0, 121.0, 121.0, 117.0, 117.0, 117.0, 117.0, 112.0, 112.0, 112.0, 105.0, 105.0, 105.0, 104.0, 104.0, 104.0, 99.0, 99.0, 94.0, 94.0, 94.0, 94.0, 94.0, 94.0, 89.0, 89.0, 89.0, 82.0, 82.0, 82.0, 80.0, 80.0, 74.0, 74.0, 74.0, 70.0, 70.0, 70.0, 65.0, 65.0, 65.0, 56.0, 56.0, 56.0, 41.0, 41.0, 41.0, 28.0, 28.0, 13.0, 13.0, 13.0, 5.0, 5.0, 5.0, 0.0, 0.0
1.785165457462E12, 33.0, 33.0, 33.0, 58.0, 58.0, 87.0, 87.0, 87.0, 110.0, 110.0, 110.0, 133.0, 133.0, 144.0, 144.0, 144.0, 159.0, 159.0, 159.0, 159.0, 159.0, 154.0, 154.0, 156.0, 156.0, 156.0, 149.0, 149.0, 138.0, 138.0, 138.0, 133.0, 133.0, 125.0, 125.0, 118.0, 118.0, 118.0, 116.0, 116.0, 110.0, 110.0, 104.0, 104.0, 104.0, 104.0, 104.0, 96.0, 96.0, 89.0, 89.0, 88.0, 88.0, 82.0, 82.0, 75.0, 75.0, 71.0, 71.0, 71.0, 66.0, 66.0, 55.0, 55.0, 46.0, 46.0, 34.0, 34.0, 23.0, 23.0, 23.0, 10.0, 10.0, 2.0, 2.0
1.78516545874E12, 25.0, 25.0, 47.0, 47.0, 67.0, 67.0, 67.0, 88.0, 88.0, 109.0, 109.0, 126.0, 126.0, 136.0, 136.0, 136.0, 151.0, 151.0, 149.0, 149.0, 143.0, 143.0, 140.0, 140.0, 136.0, 136.0, 128.0, 128.0, 125.0, 125.0, 125.0, 117.0, 117.0, 116.0, 116.0, 113.0, 113.0, 103.0, 103.0, 91.0, 91.0, 93.0, 93.0, 88.0, 88.0, 81.0, 81.0, 74.0, 74.0, 68.0, 68.0, 60.0, 60.0, 60.0, 50.0, 50.0, 35.0, 35.0, 22.0, 22.0, 16.0, 16.0
1.785165460308E12, 30.0, 47.0, 47.0, 47.0, 63.0, 63.0, 84.0, 84.0, 102.0, 102.0, 117.0, 117.0, 117.0, 127.0, 127.0, 134.0, 134.0, 140.0, 140.0, 127.0, 127.0, 115.0, 115.0, 117.0, 117.0, 118.0, 118.0, 108.0, 108.0, 104.0, 104.0, 104.0, 106.0, 106.0, 108.0, 108.0, 107.0, 107.0, 96.0, 96.0, 90.0, 90.0, 94.0, 94.0, 88.0, 77.0, 77.0, 66.0, 66.0, 59.0, 59.0, 52.0, 52.0, 38.0, 38.0, 17.0, 17.0, 7.0, 7.0, 0.0
1.785165461434E12, 25.0, 49.0, 49.0, 49.0, 70.0, 87.0, 87.0, 103.0, 103.0, 103.0, 128.0, 128.0, 139.0, 143.0, 143.0, 147.0, 147.0, 151.0, 151.0, 138.0, 138.0, 128.0, 117.0, 117.0, 119.0, 119.0, 119.0, 119.0, 104.0, 104.0, 91.0, 91.0, 92.0, 92.0, 96.0, 96.0, 85.0, 85.0, 73.0, 73.0, 58.0, 58.0, 58.0, 