1.785140436421E12, 0.0, 114.0, 114.0, 115.0, 119.0, 113.0, 117.0, 117.0, 124.0, 120.0, 121.0, 126.0, 118.0, 118.0, 108.0, 103.0, 97.0, 84.0, 62.0, 46.0, 29.0, 16.0, 3.0, 0.0, 0.0
1.785140439348E12, 10.0, 10.0, 28.0, 28.0, 58.0, 58.0, 77.0, 77.0, 94.0, 100.0, 100.0, 107.0, 107.0, 111.0, 111.0, 108.0, 108.0, 109.0, 119.0, 119.0, 117.0, 121.0, 121.0, 111.0, 111.0, 99.0, 79.0, 79.0, 65.0, 39.0, 39.0, 25.0, 4.0, 4.0, 3.0, 3.0
1.785140441374E12, 27.0, 43.0, 43.0, 59.0, 59.0, 75.0, 88.0, 88.0, 105.0, 105.0, 109.0, 116.0, 116.0, 125.0, 119.0, 119.0, 126.0, 129.0, 129.0, 127.0, 127.0, 127.0, 120.0, 126.0, 126.0, 120.0, 126.0, 108.0, 108.0, 111.0, 111.0, 100.0, 100.0, 91.0, 72.0, 52.0, 52.0, 35.0, 17.0, 7.0, 7.0
1.785140443547E12, 22.0, 33.0, 44.0, 44.0, 54.0, 54.0, 65.0, 75.0, 75.0, 84.0, 92.0, 92.0, 89.0, 101.0, 101.0, 107.0, 110.0, 110.0, 109.0, 111.0, 108.0, 108.0, 108.0, 104.0, 104.0, 97.0, 89.0, 85.0, 85.0, 75.0, 70.0, 61.0, 61.0, 47.0, 37.0, 28.0, 14.0, 14.0, 5.0, 0.0
1.785140445648E12, 26.0, 37.0, 43.0, 43.0, 50.0, 50.0, 61.0, 76.0, 76.0, 85.0, 95.0, 95.0, 94.0, 104.0, 104.0, 103.0, 103.0, 103.0, 105.0, 112.0, 112.0, 104.0, 99.0, 96.0, 96.0, 88.0, 84.0, 74.0, 74.0, 61.0, 53.0, 53.0, 45.0, 37.0, 20.0, 20.0, 8.0
1.785140447898E12, 18.0, 30.0, 40.0, 40.0, 49.0, 49.0, 62.0, 72.0, 72.0, 83.0, 83.0, 91.0, 90.0, 90.0, 99.0, 106.0, 106.0, 104.0, 105.0, 105.0, 114.0, 109.0, 107.0, 107.0, 98.0, 93.0, 93.0, 93.0, 81.0, 75.0, 75.0, 67.0, 56.0, 45.0, 45.0, 29.0, 16.0, 6.0, 6.0
1.785140450149E12, 21.0, 33.0, 41.0, 41.0, 55.0, 55.0, 68.0, 87.0, 87.0, 107.0, 120.0, 120.0, 133.0, 151.0, 151.0, 145.0, 155.0, 155.0, 157.0, 154.0, 159.0, 159.0, 161.0, 151.0, 150.0, 147.0, 147.0, 139.0, 134.0, 130.0, 117.0, 117.0, 111.0, 98.0, 80.0, 62.0, 40.0, 40.0, 18.0, 7.0
1.785140452399E12, 21.0, 26.0, 41.0, 41.0, 42.0, 52.0, 52.0, 64.0, 76.0, 76.0, 87.0, 98.0, 98.0, 114.0, 117.0, 127.0, 127.0, 137.0, 133.0, 138.0, 138.0, 139.0, 136.0, 136.0, 136.0, 128.0, 128.0, 120.0, 123.0, 102.0, 102.0, 94.0, 92.0, 80.0, 70.0, 51.0, 51.0, 29.0, 17.0
1.78514045465E12, 25.0, 31.0, 31.0, 38.0, 47.0, 47.0, 57.0, 77.0, 77.0, 79.0, 102.0, 114.0, 114.0, 126.0, 122.0, 122.0, 128.0, 127.0, 134.0, 134.0, 135.0, 127.0, 129.0, 129.0, 129.0, 123.0, 117.0, 113.0, 102.0, 102.0, 100.0, 88.0, 76.0, 64.0, 64.0, 45.0, 28.0, 15.0
1.785140456896E12, 20.0, 24.0, 34.0, 34.0, 38.0, 47.0, 47.0, 56.0, 64.0, 64.0, 78.0, 90.0, 90.0, 106.0, 120.0, 120.0, 125.0, 139.0, 142.0, 142.0, 139.0, 143.0, 146.0, 146.0, 140.0, 139.0, 127.0, 127.0, 127.0, 118.0, 120.0, 97.0, 89.0, 89.0, 83.0, 66.0, 51.0, 34.0, 19.0, 19.0, 7.0
1.785140459147E12, 22.0, 27.0, 32.0, 32.0, 30.0, 40.0, 40.0, 47.0, 59.0, 59.0, 66.0, 74.0, 74.0, 93.0, 105.0, 105.0, 126.0, 121.0, 126.0, 126.0, 138.0, 137.0, 144.0, 144.0, 140.0, 133.0, 131.0, 131.0, 126.0, 117.0, 112.0, 110.0, 95.0, 95.0, 89.0, 77.0, 60.0, 41.0, 41.0, 22.0, 9.0
1.785140461397E12, 24.0, 36.0, 36.0, 30.0, 41.0, 41.0, 47.0, 66.0, 66.0, 72.0, 81.0, 81.0, 91.0, 105.0, 108.0, 108.0, 115.0, 126.0, 126.0, 124.0, 128.0, 129.0, 129.0, 122.0, 120.0, 115.0, 108.0, 108.0, 102.0, 92.0, 94.0, 88.0, 88.0, 80.0, 53.0, 37.0, 20.0, 20.0, 6.0, 0.0
1.78514046357E12, 21.0, 21.0, 28.0, 28.0, 28.0, 28.0, 40.0, 47.0, 47.0, 63.0, 75.0, 75.0, 87.0, 106.0, 106.0, 120.0, 126.0, 132.0, 132.0, 142.0, 130.0, 142.0, 142.0, 143.0, 141.0, 129.0, 129.0, 125.0, 114.0, 112.0, 107.0, 107.0, 100.0, 91.0, 79.0, 68.0, 56.0, 56.0, 37.0, 22.0, 7.0
1.785140465672E12, 30.0, 37.0, 44.0, 44.0, 54.0, 63.0, 63.0, 72.0, 96.0, 96.0, 112.0, 126.0, 128.0, 128.0, 144.0, 144.0, 144.0, 148.0, 147.0, 139.0, 139.0, 139.0, 136.0, 129.0, 126.0, 125.0, 125.0, 110.0, 107.0, 101.0, 88.0, 78.0, 78.0, 56.0, 42.0, 25.0, 6.0, 0.0
1.785140467921E12, 21.0, 23.0, 34.0, 34.0, 29.0, 34.0, 34.0, 45.0, 54.0, 54.0, 61.0, 75.0, 75.0, 79.0, 88.0, 88.0, 99.0, 104.0, 112.0, 112.0, 114.0, 111.0, 111.0, 114.0, 117.0, 113.0, 113.0, 113.0, 111.0, 103.0, 96.0, 96.0, 93.0, 84.0, 77.0, 62.0, 62.0, 40.0, 29.0, 10.0
1.785140470169E12, 28.0, 34.0, 40.0, 40.0, 42.0, 53.0, 53.0, 62.0, 80.0, 80.0, 88.0, 103.0, 103.0, 117.0, 120.0, 120.0, 130.0, 134.0, 127.0, 127.0, 129.0, 131.0, 122.0, 122.0, 126.0, 124.0, 117.0, 109.0, 109.0, 102.0, 102.0, 101.0, 99.0, 99.0, 83.0, 72.0, 54.0, 38.0, 18.0, 18.0, 8.0
1.785140472273E12, 29.0, 44.0, 44.0, 58.0, 65.0, 65.0, 83.0, 99.0, 99.0, 109.0, 117.0, 128.0, 128.0, 127.0, 129.0, 129.0, 133.0, 130.0, 131.0, 129.0, 129.0, 117.0, 115.0, 112.0, 112.0, 104.0, 99.0, 92.0, 80.0, 63.0, 63.0, 55.0, 39.0, 31.0, 3.0, 3.0, 2.0, 0.0
1.785140474446E12, 27.0, 44.0, 44.0, 46.0, 56.0, 56.0, 63.0, 79.0, 79.0, 90.0, 98.0, 111.0, 111.0, 115.0, 126.0, 126.0, 136.0, 130.0, 129.0, 129.0, 130.0, 123.0, 125.0, 115.0, 115.0, 116.0, 110.0, 116.0, 99.0, 99.0, 99.0, 95.0, 82.0, 73.0, 73.0, 61.0, 43.0, 30.0, 9.0
1.785140476547E12, 26.0, 34.0, 39.0, 39.0, 45.0, 53.0, 53.0, 68.0, 82.0, 82.0, 97.0, 111.0, 117.0, 117.0, 127.0, 137.0, 134.0, 134.0, 140.0, 144.0, 136.0, 136.0, 130.0, 128.0, 119.0, 118.0, 118.0, 114.0, 108.0, 105.0, 101.0, 99.0, 99.0, 91.0, 81.0, 64.0, 49.0, 39.0, 19.0, 19.0, 11.0
1.785140478796E12, 24.0, 33.0, 36.0, 36.0, 41.0, 42.0, 42.0, 64.0, 78.0, 78.0, 89.0, 92.0, 107.0, 107.0, 110.0, 118.0, 128.0, 128.0, 127.0, 127.0, 124.0, 124.0, 115.0, 112.0, 109.0, 101.0, 101.0, 100.0, 97.0, 92.0, 92.0, 92.0, 87.0, 79.0, 66.0, 54.0, 38.0, 38.0, 20.0, 16.0
1.785140480971E12, 22.0, 28.0, 30.0, 30.0, 37.0, 38.0, 38.0, 52.0, 57.0, 57.0, 66.0, 76.0, 76.0, 86.0, 96.0, 96.0, 108.0, 109.0, 109.0, 124.0, 131.0, 128.0, 128.0, 131.0, 131.0, 125.0, 118.0, 118.0, 123.0, 116.0, 118.0, 105.0, 105.0, 98.0, 91.0, 83.0, 70.0, 70.0, 57.0, 46.0, 25.0, 19.0
1.78514048322E12, 27.0, 29.0, 36.0, 36.0, 34.0, 43.0, 43.0, 56.0, 62.0, 62.0, 73.0, 80.0, 80.0, 91.0, 100.0, 100.0, 108.0, 107.0, 110.0, 110.0, 111.0, 107.0, 107.0, 108.0, 108.0, 107.0, 110.0, 110.0, 115.0, 105.0, 105.0, 105.0, 102.0, 95.0, 84.0, 71.0, 54.0, 54.0, 37.0, 20.0, 7.0
1.785140485473E12, 21.0, 27.0, 30.0, 30.0, 32.0, 39.0, 39.0, 51.0, 57.0, 57.0, 64.0, 75.0, 75.0, 82.0, 90.0, 90.0, 102.0, 109.0, 109.0, 117.0, 121.0, 123.0, 123.0, 126.0, 127.0, 118.0, 118.0, 118.0, 116.0, 111.0, 109.0, 109.0, 107.0, 99.0, 87.0, 95.0, 95.0, 81.0, 83.0, 57.0, 46.0, 36.0, 36.0, 20.0, 9.0, 0.0
1.78514048772E12, 25.0, 28.0, 35.0, 35.0, 30.0, 38.0, 38.0, 45.0, 53.0, 53.0, 62.0, 68.0, 68.0, 80.0, 88.0, 88.0, 102.0, 97.0, 97.0, 113.0, 115.0, 120.0, 120.0, 111.0, 112.0, 107.0, 107.0, 110.0, 109.0, 105.0, 105.0, 99.0, 97.0, 87.0, 81.0, 81.0, 71.0, 58.0, 45.0, 33.0, 33.0, 19.0, 8.0
1.785140489972E12, 24.0, 24.0, 31.0, 31.0, 26.0, 30.0, 30.0, 38.0, 49.0, 49.0, 57.0, 57.0, 55.0, 71.0, 71.0, 84.0, 94.0, 102.0, 102.0, 114.0, 110.0, 110.0, 113.0, 116.0, 114.0, 114.0, 112.0, 112.0, 107.0, 107.0, 107.0, 106.0, 99.0, 99.0, 95.0, 86.0, 74.0, 58.0, 58.0, 52.0, 35.0, 29.0, 8.0, 8.0
1.78514049222E12, 20.0, 26.0, 29.0, 29.0, 30.0, 35.0, 35.0, 43.0, 43.0, 50.0, 55.0, 55.0, 66.0, 76.0, 76.0, 83.0, 95.0, 95.0, 98.0, 108.0, 108.0, 111.0, 107.0, 109.0, 109.0, 114.0, 109.0, 116.0, 116.0, 114.0, 110.0, 112.0, 112.0, 110.0, 100.0, 91.0, 84.0, 84.0, 70.0, 55.0, 37.0, 27.0, 27.0, 13.0
1.785140494473E12, 20.0, 24.0, 24.0, 31.0, 29.0, 29.0, 36.0, 40.0, 40.0, 50.0, 51.0, 51.0, 56.0, 56.0, 73.0, 82.0, 93.0, 93.0, 94.0, 106.0, 106.0, 103.0, 110.0, 110.0, 116.0, 115.0, 113.0, 113.0, 111.0, 108.0, 107.0, 107.0, 107.0, 100.0, 98.0, 94.0, 94.0, 86.0, 80.0, 70.0, 52.0, 52.0, 39.0, 21.0, 8.0, 8.0
1.785140496647E12, 33.0, 33.0, 33.0, 39.0, 32.0, 32.0, 44.0, 55.0, 55.0, 68.0, 78.0, 78.0, 89.0, 96.0, 96.0, 107.0, 115.0, 111.0, 111.0, 115.0, 121.0, 121.0, 115.0, 115.0, 115.0, 115.0, 111.0, 111.0, 107.0, 93.0, 93.0, 97.0, 90.0, 83.0, 62.0, 62.0, 48.0, 36.0, 20.0, 20.0, 13.0, 0.0
1.785140498894E12, 21.0, 25.0, 28.0, 28.0, 28.0, 36.0, 36.0, 40.0, 40.0, 52.0, 57.0, 57.0, 71.0, 85.0, 85.0, 99.0, 109.0, 117.0, 117.0, 134.0, 126.0, 126.0, 131.0, 121.0, 112.0, 112.0, 109.0, 105.0, 97.0, 97.0, 93.0, 86.0, 77.0, 70.0, 70.0, 57.0, 44.0, 29.0, 29.0, 19.0, 8.0, 0.0
1.785140501071E12, 19.0, 21.0, 21.0, 25.0, 22.0, 22.0, 28.0, 32.0, 32.0, 38.0, 38.0, 47.0, 56.0, 56.0, 65.0, 79.0, 79.0, 86.0, 106.0, 106.0, 115.0, 122.0, 126.0, 126.0, 131.0, 129.0, 129.0, 133.0, 130.0, 117.0, 115.0, 115.0, 113.0, 104.0, 97.0, 97.0, 92.0, 83.0, 70.0, 58.0, 58.0, 38.0, 35.0, 20.0, 12.0, 12.0
1.785140503467E12, 26.0, 28.0, 29.0, 29.0, 32.0, 32.0, 36.0, 46.0, 46.0, 52.0, 60.0, 60.0, 67.0, 76.0, 76.0, 84.0, 94.0, 94.0, 100.0, 109.0, 120.0, 120.0, 116.0, 119.0, 119.0, 119.0, 112.0, 112.0, 112.0, 111.0, 101.0, 95.0, 83.0, 83.0, 79.0, 74.0, 71.0, 59.0, 59.0, 51.0, 42.0, 31.0, 31.0, 17.0, 10.0
1.785140505569E12, 26.0, 26.0, 30.0, 30.0, 27.0, 27.0, 34.0, 39.0, 39.0, 50.0, 51.0, 51.0, 69.0, 77.0, 77.0, 95.0, 100.0, 100.0, 108.0, 116.0, 116.0, 122.0, 114.0, 120.0, 120.0, 124.0, 115.0, 114.0, 114.0, 110.0, 105.0, 100.0, 100.0, 100.0, 94.0, 91.0, 78.0, 78.0, 63.0, 51.0, 34.0, 19.0, 19.0, 0.0
1.785140507896E12, 20.0, 30.0, 30.0, 25.0, 27.0, 27.0, 30.0, 38.0, 38.0, 47.0, 48.0, 48.0, 60.0, 60.0, 67.0, 79.0, 79.0, 88.0, 99.0, 104.0, 104.0, 112.0, 118.0, 118.0, 112.0, 113.0, 115.0, 115.0, 112.0, 106.0, 115.0, 115.0, 102.0, 103.0, 87.0, 87.0, 79.0, 74.0, 63.0, 54.0, 54.0, 37.0, 27.0, 13.0, 13.0
1.785140510218E12, 23.0, 28.0, 28.0, 28.0, 32.0, 32.0, 34.0, 43.0, 43.0, 51.0, 54.0, 54.0, 64.0, 82.0, 82.0, 92.0, 108.0, 108.0, 112.0, 119.0, 119.0, 125.0, 135.0, 129.0, 129.0, 131.0, 130.0, 122.0, 122.0, 119.0, 115.0, 104.0, 97.0, 97.0, 90.0, 78.0, 67.0, 56.0, 56.0, 43.0, 34.0, 21.0, 8.0, 8.0
1.785140512471E12, 20.0, 27.0, 27.0, 31.0, 27.0, 27.0, 30.0, 40.0, 40.0, 46.0, 55.0, 55.0, 59.0, 74.0, 74.0, 82.0, 92.0, 92.0, 102.0, 112.0, 112.0, 111.0, 114.0, 114.0, 117.0, 117.0, 118.0, 118.0, 120.0, 110.0, 113.0, 115.0, 115.0, 108.0, 106.0, 98.0, 98.0, 91.0, 80.0, 71.0, 55.0, 42.0, 42.0, 25.0, 14.0
1.785140514718E12, 29.0, 32.0, 39.0, 39.0, 36.0, 44.0, 44.0, 50.0, 56.0, 56.0, 63.0, 63.0, 65.0, 82.0, 86.0, 86.0, 105.0, 102.0, 102.0, 115.0, 122.0, 121.0, 121.0, 123.0, 123.0, 118.0, 118.0, 119.0, 120.0, 109.0, 109.0, 107.0, 101.0, 93.0, 86.0, 86.0, 81.0, 67.0, 54.0, 41.0, 41.0, 21.0, 13.0, 0.0
1.785140516971E12, 26.0, 29.0, 29.0, 37.0, 26.0, 26.0, 35.0, 42.0, 42.0, 52.0, 58.0, 58.0, 65.0, 81.0, 81.0, 92.0, 101.0, 101.0, 114.0, 130.0, 133.0, 133.0, 136.0, 137.0, 129.0, 129.0, 129.0, 132.0, 123.0, 123.0, 124.0, 115.0, 113.0, 109.0, 109.0, 106.0, 85.0, 71.0, 54.0, 41.0, 41.0, 24.0, 13.0, 0.0
1.785140519296E12, 21.0, 28.0, 26.0, 26.0, 31.0, 30.0, 30.0, 40.0, 45.0, 45.0, 50.0, 58.0, 58.0, 64.0, 75.0, 75.0, 82.0, 96.0, 96.0, 103.0, 98.0, 98.0, 103.0, 110.0, 106.0, 106.0, 106.0, 106.0, 103.0, 103.0, 103.0, 103.0, 94.0, 94.0, 92.0, 84.0, 73.0, 62.0, 62.0, 49.0, 34.0, 19.0, 5.0, 5.0
1.785140521546E12, 19.0, 27.0, 32.0, 32.0, 31.0, 34.0, 34.0, 34.0, 34.0, 44.0, 44.0, 44.0, 59.0, 64.0, 64.0, 77.0, 90.0, 90.0, 98.0, 108.0, 108.0, 116.0, 115.0, 120.0, 120.0, 119.0, 114.0, 114.0, 116.0, 114.0, 109.0, 106.0, 106.0, 98.0, 93.0, 84.0, 84.0, 84.0, 63.0, 56.0, 40.0, 40.0, 30.0, 17.0, 5.0, 5.0
1.785140523946E12, 19.0, 20.0, 20.0, 26.0, 24.0, 24.0, 31.0, 36.0, 36.0, 45.0, 43.0, 43.0, 54.0, 54.0, 58.0, 69.0, 69.0, 75.0, 79.0, 79.0, 86.0, 89.0, 89.0, 96.0, 88.0, 94.0, 94.0, 98.0, 93.0, 93.0, 92.0, 98.0, 97.0, 97.0, 99.0, 101.0, 94.0, 94.0, 91.0, 82.0, 69.0, 57.0, 57.0, 39.0, 22.0, 11.0, 11.0, 0.0
1.785140526045E12, 24.0, 26.0, 31.0, 31.0, 35.0, 37.0, 37.0, 43.0, 43.0, 45.0, 58.0, 58.0, 63.0, 77.0, 77.0, 86.0, 99.0, 99.0, 101.0, 108.0, 108.0, 113.0, 109.0, 109.0, 112.0, 117.0, 108.0, 108.0, 109.0, 108.0, 104.0, 104.0, 99.0, 92.0, 92.0, 88.0, 88.0, 82.0, 66.0, 55.0, 55.0, 45.0, 28.0, 16.0
1.785140528446E12, 27.0, 27.0, 32.0, 32.0, 30.0, 30.0, 36.0, 42.0, 42.0, 49.0, 53.0, 53.0, 69.0, 74.0, 74.0, 88.0, 94.0, 94.0, 107.0, 112.0, 112.0, 120.0, 110.0, 111.0, 111.0, 113.0, 110.0, 110.0, 116.0, 116.0, 110.0, 109.0, 109.0, 107.0, 100.0, 95.0, 95.0, 91.0, 77.0, 69.0, 51.0, 51.0, 40.0, 24.0, 12.0, 0.0
1.785140530769E12, 20.0, 28.0, 28.0, 28.0, 32.0, 32.0, 30.0, 38.0, 38.0, 49.0, 49.0, 49.0, 63.0, 71.0, 71.0, 80.0, 89.0, 89.0, 94.0, 98.0, 98.0, 98.0, 108.0, 100.0, 100.0, 103.0, 101.0, 101.0, 102.0, 102.0, 103.0, 103.0, 96.0, 99.0, 96.0, 84.0, 84.0, 73.0, 58.0, 46.0, 46.0, 32.0, 19.0, 7.0
1.785140533021E12, 21.0, 26.0, 26.0, 30.0, 28.0, 28.0, 34.0, 42.0, 42.0, 48.0, 48.0, 51.0, 63.0, 63.0, 70.0, 88.0, 88.0, 97.0, 109.0, 109.0, 117.0, 124.0, 114.0, 114.0, 115.0, 120.0, 120.0, 117.0, 118.0, 118.0, 118.0, 113.0, 110.0, 109.0, 98.0, 98.0, 96.0, 84.0, 76.0, 64.0, 64.0, 47.0, 30.0, 17.0, 17.0, 4.0
1.785140535269E12, 33.0, 26.0, 33.0, 33.0, 26.0, 26.0, 43.0, 43.0, 43.0, 54.0, 61.0, 61.0, 71.0, 85.0, 85.0, 92.0, 99.0, 99.0, 105.0, 115.0, 109.0, 109.0, 110.0, 109.0, 106.0, 106.0, 105.0, 106.0, 98.0, 98.0, 92.0, 98.0, 87.0, 87.0, 87.0, 66.0, 55.0, 43.0, 43.0, 27.0, 17.0, 0.0
1.785140537519E12, 19.0, 27.0, 23.0, 23.0, 27.0, 27.0, 27.0, 37.0, 37.0, 39.0, 46.0, 46.0, 50.0, 64.0, 64.0, 75.0, 83.0, 83.0, 91.0, 109.0, 109.0, 111.0, 119.0, 119.0, 116.0, 115.0, 115.0, 115.0, 114.0, 110.0, 110.0, 110.0, 110.0, 103.0, 98.0, 98.0, 97.0, 84.0, 75.0, 59.0, 59.0, 42.0, 29.0, 15.0, 15.0, 1.0
1.785140539846E12, 21.0, 25.0, 25.0, 23.0, 29.0, 29.0, 36.0, 47.0, 47.0, 53.0, 53.0, 51.0, 64.0, 64.0, 67.0, 80.0, 80.0, 90.0, 92.0, 92.0, 100.0, 107.0, 108.0, 108.0, 110.0, 109.0, 105.0, 105.0, 105.0, 105.0, 105.0, 99.0, 97.0, 97.0, 89.0, 89.0, 87.0, 83.0, 74.0, 74.0, 63.0, 45.0, 31.0, 20.0, 20.0, 5.0
1.785140542019E12, 19.0, 25.0, 25.0, 25.0, 23.0, 23.0, 28.0, 35.0, 35.0, 43.0, 43.0, 43.0, 54.0, 54.0, 64.0, 77.0, 77.0, 92.0, 99.0, 99.0, 112.0, 121.0, 118.0, 118.0, 127.0, 126.0, 126.0, 122.0, 119.0, 121.0, 121.0, 116.0, 114.0, 112.0, 102.0, 102.0, 101.0, 95.0, 88.0, 77.0, 77.0, 63.0, 46.0, 29.0, 15.0, 15.0
1.785140544346E12, 21.0, 29.0, 29.0, 24.0, 29.0, 29.0, 27.0, 41.0, 41.0, 34.0, 49.0, 49.0, 53.0, 68.0, 68.0, 71.0, 83.0, 83.0, 92.0, 103.0, 103.0, 112.0, 113.0, 113.0, 115.0, 121.0, 117.0, 117.0, 119.0, 118.0, 112.0, 110.0, 110.0, 107.0, 95.0, 91.0, 91.0, 86.0, 75.0, 66.0, 50.0, 50.0, 40.0, 25.0, 16.0, 0.0
1.78514054652E12, 20.0, 22.0, 22.0, 27.0, 29.0, 29.0, 32.0, 38.0, 38.0, 49.0, 49.0, 49.0, 60.0, 60.0, 69.0, 79.0, 96.0, 96.0, 111.0, 124.0, 124.0, 133.0, 142.0, 142.0, 142.0, 145.0, 140.0, 141.0, 141.0, 140.0, 146.0, 125.0, 126.0, 126.0, 125.0, 113.0, 110.0, 105.0, 86.0, 86.0, 77.0, 57.0, 40.0, 24.0, 9.0, 9.0
1.785140548768E12, 22.0, 28.0, 33.0, 33.0, 35.0, 37.0, 37.0, 49.0, 61.0, 61.0, 68.0, 71.0, 71.0, 99.0, 106.0, 106.0, 125.0, 122.0, 125.0, 125.0, 130.0, 133.0, 131.0, 131.0, 136.0, 137.0, 135.0, 137.0, 137.0, 139.0, 128.0, 130.0, 125.0, 121.0, 116.0, 116.0, 107.0, 95.0, 84.0, 72.0, 53.0, 34.0, 34.0, 16.0
1.785140551018E12, 24.0, 27.0, 27.0, 27.0, 28.0, 28.0, 32.0, 45.0, 52.0, 52.0, 56.0, 65.0, 65.0, 75.0, 88.0, 88.0, 102.0, 104.0, 113.0, 113.0, 120.0, 120.0, 120.0, 121.0, 116.0, 114.0, 112.0, 112.0, 112.0, 97.0, 96.0, 94.0, 94.0, 87.0, 77.0, 67.0, 52.0, 52.0, 41.0, 26.0, 14.0
1.785140553268E12, 28.0, 30.0, 30.0, 32.0, 32.0, 32.0, 34.0, 46.0, 46.0, 49.0, 58.0, 58.0, 65.0, 79.0, 79.0, 87.0, 101.0, 101.0, 112.0, 109.0, 111.0, 111.0, 116.0, 113.0, 110.0, 110.0, 112.0, 105.0, 110.0, 110.0, 109.0, 109.0, 107.0, 107.0, 107.0, 98.0, 96.0, 90.0, 74.0, 74.0, 62.0, 44.0, 30.0, 18.0
1.785140555594E12, 24.0, 27.0, 36.0, 36.0, 31.0, 35.0, 35.0, 40.0, 50.0, 50.0, 56.0, 66.0, 66.0, 75.0, 85.0, 85.0, 97.0, 111.0, 111.0, 113.0, 122.0, 128.0, 128.0, 123.0, 123.0, 124.0, 124.0, 119.0, 121.0, 112.0, 118.0, 118.0, 113.0, 119.0, 98.0, 97.0, 97.0, 84.0, 68.0, 53.0, 41.0, 41.0, 24.0, 12.0
1.785140557843E12, 21.0, 29.0, 26.0, 26.0, 32.0, 32.0, 28.0, 42.0, 42.0, 47.0, 52.0, 52.0, 57.0, 63.0, 63.0, 81.0, 92.0, 92.0, 106.0, 104.0, 112.0, 112.0, 116.0, 114.0, 117.0, 117.0, 119.0, 108.0, 107.0, 107.0, 105.0, 102.0, 97.0, 97.0, 94.0, 84.0, 76.0, 68.0, 68.0, 54.0, 42.0, 25.0, 13.0, 13.0
1.785140560094E12, 22.0, 22.0, 35.0, 35.0, 32.0, 42.0, 42.0, 39.0, 39.0, 46.0, 53.0, 53.0, 63.0, 71.0, 71.0, 75.0, 88.0, 95.0, 95.0, 105.0, 110.0, 110.0, 107.0, 115.0, 115.0, 118.0, 112.0, 113.0, 113.0, 111.0, 107.0, 105.0, 104.0, 104.0, 100.0, 100.0, 99.0, 90.0, 90.0, 79.0, 72.0, 54.0, 43.0, 43.0, 27.0, 15.0
1.785140562418E12, 24.0, 28.0, 28.0, 30.0, 31.0, 31.0, 31.0, 43.0, 43.0, 46.0, 54.0, 54.0, 57.0, 66.0, 66.0, 76.0, 85.0, 85.0, 89.0, 97.0, 97.0, 104.0, 116.0, 101.0, 101.0, 104.0, 111.0, 108.0, 108.0, 112.0, 109.0, 103.0, 103.0, 102.0, 99.0, 94.0, 88.0, 88.0, 81.0, 68.0, 55.0, 38.0, 38.0, 26.0, 10.0
1.785140564668E12, 23.0, 24.0, 25.0, 25.0, 29.0, 34.0, 34.0, 42.0, 42.0, 43.0, 50.0, 50.0, 58.0, 76.0, 76.0, 80.0, 94.0, 94.0, 108.0, 114.0, 124.0, 124.0, 123.0, 122.0, 122.0, 125.0, 126.0, 119.0, 119.0, 119.0, 116.0, 108.0, 104.0, 104.0, 102.0, 86.0, 93.0, 87.0, 87.0, 77.0, 52.0, 37.0, 26.0, 14.0, 14.0
1.78514056692E12, 20.0, 26.0, 26.0, 27.0, 32.0, 32.0, 30.0, 43.0, 43.0, 44.0, 51.0, 51.0, 56.0, 63.0, 63.0, 68.0, 75.0, 75.0, 84.0, 90.0, 90.0, 92.0, 106.0, 101.0, 101.0, 107.0, 104.0, 104.0, 102.0, 105.0, 105.0, 96.0, 96.0, 95.0, 93.0, 88.0, 88.0, 83.0, 82.0, 73.0, 65.0, 65.0, 50.0, 35.0, 23.0, 23.0, 9.0, 0.0
1.785140569242E12, 22.0, 23.0, 29.0, 29.0, 26.0, 36.0, 36.0, 38.0, 49.0, 49.0, 43.0, 43.0, 55.0, 63.0, 63.0, 72.0, 80.0, 80.0, 90.0, 100.0, 106.0, 106.0, 114.0, 110.0, 110.0, 114.0, 116.0, 114.0, 114.0, 115.0, 116.0, 108.0, 108.0, 108.0, 101.0, 90.0, 87.0, 87.0, 85.0, 76.0, 62.0, 46.0, 46.0, 34.0, 21.0, 10.0, 0.0
1.785140571418E12, 23.0, 26.0, 31.0, 31.0, 32.0, 36.0, 36.0, 43.0, 43.0, 49.0, 54.0, 54.0, 61.0, 71.0, 71.0, 75.0, 83.0, 97.0, 97.0, 101.0, 108.0, 108.0, 111.0, 113.0, 118.0, 118.0, 119.0, 111.0, 115.0, 115.0, 116.0, 109.0, 104.0, 104.0, 98.0, 91.0, 85.0, 77.0, 77.0, 60.0, 46.0, 33.0, 18.0, 18.0, 6.0, 0.0
1.785140573669E12, 22.0, 23.0, 29.0, 29.0, 25.0, 25.0, 30.0, 34.0, 34.0, 37.0, 44.0, 44.0, 49.0, 59.0, 59.0, 60.0, 76.0, 76.0, 83.0, 97.0, 97.0, 107.0, 109.0, 109.0, 114.0, 116.0, 114.0, 114.0, 119.0, 120.0, 112.0, 112.0, 109.0, 105.0, 98.0, 98.0, 94.0, 92.0, 82.0, 73.0, 73.0, 52.0, 48.0, 34.0, 34.0, 26.0, 0.0
1.785140575919E12, 20.0, 30.0, 27.0, 27.0, 29.0, 28.0, 28.0, 39.0, 39.0, 40.0, 43.0, 43.0, 50.0, 55.0, 55.0, 63.0, 67.0, 67.0, 81.0, 88.0, 88.0, 98.0, 104.0, 107.0, 107.0, 112.0, 120.0, 120.0, 113.0, 111.0, 114.0, 114.0, 110.0, 113.0, 104.0, 95.0, 95.0, 96.0, 91.0, 80.0, 71.0, 71.0, 56.0, 41.0, 23.0, 12.0, 12.0, 0.0
1.785140578092E12, 25.0, 34.0, 35.0, 35.0, 35.0, 39.0, 39.0, 41.0, 41.0, 50.0, 49.0, 49.0, 59.0, 66.0, 66.0, 64.0, 80.0, 80.0, 89.0, 95.0, 94.0, 94.0, 100.0, 107.0, 107.0, 108.0, 109.0, 107.0, 107.0, 107.0, 110.0, 104.0, 104.0, 106.0, 104.0, 98.0, 93.0, 93.0, 85.0, 68.0, 57.0, 41.0, 41.0, 25.0, 11.0
1.785140580344E12, 19.0, 22.0, 28.0, 28.0, 31.0, 38.0, 38.0, 39.0, 39.0, 47.0, 47.0, 47.0, 58.0, 62.0, 62.0, 76.0, 82.0, 82.0, 96.0, 109.0, 110.0, 110.0, 117.0, 125.0, 125.0, 117.0, 119.0, 121.0, 121.0, 118.0, 117.0, 115.0, 103.0, 103.0, 103.0, 101.0, 94.0, 88.0, 88.0, 74.0, 66.0, 51.0, 35.0, 35.0, 20.0, 7.0
1.785140582669E12, 23.0, 26.0, 26.0, 28.0, 27.0, 27.0, 30.0, 39.0, 39.0, 41.0, 47.0, 47.0, 50.0, 57.0, 57.0, 64.0, 76.0, 76.0, 81.0, 94.0, 94.0, 99.0, 105.0, 107.0, 107.0, 112.0, 106.0, 107.0, 107.0, 113.0, 103.0, 103.0, 103.0, 103.0, 98.0, 98.0, 98.0, 90.0, 85.0, 74.0, 64.0, 64.0, 45.0, 32.0, 19.0, 9.0, 9.0
1.785140584915E12, 19.0, 24.0, 30.0, 30.0, 31.0, 31.0, 33.0, 44.0, 44.0, 47.0, 54.0, 54.0, 52.0, 62.0, 62.0, 65.0, 78.0, 78.0, 83.0, 96.0, 96.0, 103.0, 104.0, 113.0, 113.0, 116.0, 111.0, 111.0, 111.0, 115.0, 108.0, 107.0, 107.0, 104.0, 96.0, 91.0, 91.0, 85.0, 72.0, 67.0, 52.0, 52.0, 42.0, 23.0, 12.0
1.785140587093E12, 21.0, 28.0, 28.0, 31.0, 33.0, 33.0, 37.0, 44.0, 44.0, 53.0, 51.0, 51.0, 59.0, 59.0, 66.0, 73.0, 83.0, 83.0, 93.0, 100.0, 100.0, 105.0, 113.0, 113.0, 105.0, 111.0, 114.0, 114.0, 112.0, 108.0, 100.0, 100.0, 95.0, 94.0, 92.0, 92.0, 86.0, 81.0, 76.0, 64.0, 64.0, 52.0, 39.0, 25.0, 11.0, 11.0
1.785140589343E12, 21.0, 20.0, 27.0, 27.0, 24.0, 24.0, 34.0, 35.0, 35.0, 46.0, 42.0, 42.0, 63.0, 68.0, 68.0, 83.0, 89.0, 89.0, 96.0, 109.0, 109.0, 115.0, 114.0, 118.0, 118.0, 117.0, 111.0, 111.0, 112.0, 116.0, 109.0, 107.0, 107.0, 106.0, 98.0, 93.0, 93.0, 85.0, 73.0, 63.0, 44.0, 44.0, 30.0, 11.0, 8.0
1.785140591597E12, 29.0, 25.0, 29.0, 29.0, 27.0, 27.0, 34.0, 37.0, 37.0, 46.0, 46.0, 46.0, 52.0, 64.0, 64.0, 65.0, 78.0, 78.0, 83.0, 90.0, 90.0, 95.0, 101.0, 101.0, 102.0, 106.0, 100.0, 100.0, 111.0, 112.0, 119.0, 119.0, 98.0, 98.0, 96.0, 96.0, 88.0, 83.0, 73.0, 73.0, 58.0, 46.0, 31.0, 19.0, 19.0, 3.0
1.785140593989E12, 26.0, 28.0, 28.0, 32.0, 28.0, 28.0, 35.0, 40.0, 40.0, 48.0, 48.0, 46.0, 60.0, 60.0, 68.0, 84.0, 84.0, 92.0, 93.0, 93.0, 102.0, 107.0, 108.0, 108.0, 112.0, 111.0, 111.0, 107.0, 107.0, 110.0, 110.0, 102.0, 101.0, 96.0, 89.0, 89.0, 84.0, 76.0, 62.0, 62.0, 48.0, 32.0, 19.0, 2.0, 2.0, 0.0
1.785140596093E12, 22.0, 28.0, 28.0, 33.0, 34.0, 34.0, 36.0, 41.0, 41.0, 52.0, 55.0, 55.0, 64.0, 78.0, 78.0, 82.0, 95.0, 95.0, 106.0, 111.0, 111.0, 118.0, 121.0, 122.0, 122.0, 126.0, 128.0, 118.0, 118.0, 119.0, 117.0, 111.0, 111.0, 109.0, 113.0, 107.0, 103.0, 103.0, 92.0, 78.0, 65.0, 52.0, 33.0, 33.0, 23.0, 5.0
1.785140598342E12, 21.0, 25.0, 23.0, 23.0, 27.0, 26.0, 26.0, 36.0, 39.0, 39.0, 42.0, 50.0, 50.0, 54.0, 66.0, 66.0, 75.0, 86.0, 86.0, 95.0, 108.0, 108.0, 109.0, 115.0, 113.0, 113.0, 107.0, 110.0, 111.0, 111.0, 105.0, 102.0, 100.0, 100.0, 92.0, 91.0, 85.0, 73.0, 73.0, 66.0, 50.0, 39.0, 24.0, 24.0, 11.0, 0.0
1.785140600592E12, 21.0, 22.0, 28.0, 28.0, 27.0, 27.0, 30.0, 39.0, 39.0, 47.0, 49.0, 49.0, 50.0, 58.0, 58.0, 65.0, 77.0, 77.0, 86.0, 92.0, 92.0, 103.0, 112.0, 112.0, 113.0, 114.0, 113.0, 113.0, 108.0, 109.0, 107.0, 107.0, 97.0, 93.0, 88.0, 88.0, 83.0, 78.0, 68.0, 61.0, 61.0, 49.0, 38.0, 18.0, 18.0, 9.0
1.785140602842E12, 22.0, 33.0, 33.0, 29.0, 35.0, 35.0, 34.0, 46.0, 46.0, 48.0, 48.0, 52.0, 59.0, 59.0, 62.0, 75.0, 75.0, 83.0, 89.0, 96.0, 96.0, 105.0, 105.0, 105.0, 99.0, 111.0, 109.0, 109.0, 120.0, 114.0, 110.0, 110.0, 113.0, 114.0, 108.0, 108.0, 106.0, 99.0, 86.0, 76.0, 76.0, 56.0, 38.0, 23.0, 6.0, 6.0
1.785140605166E12, 23.0, 24.0, 32.0, 32.0, 28.0, 28.0, 34.0, 37.0, 37.0, 44.0, 50.0, 50.0, 46.0, 61.0, 61.0, 67.0, 76.0, 76.0, 78.0, 90.0, 90.0, 92.0, 97.0, 102.0, 102.0, 103.0, 105.0, 105.0, 102.0, 99.0, 97.0, 97.0, 100.0, 95.0, 96.0, 95.0, 95.0, 88.0, 85.0, 81.0, 81.0, 72.0, 61.0, 45.0, 24.0, 24.0, 13.0, 0.0
1.785140607342E12, 23.0, 26.0, 32.0, 32.0, 24.0, 24.0, 30.0, 37.0, 37.0, 42.0, 47.0, 47.0, 54.0, 63.0, 63.0, 68.0, 78.0, 78.0, 84.0, 96.0, 96.0, 102.0, 101.0, 101.0, 108.0, 113.0, 108.0, 108.0, 108.0, 111.0, 104.0, 104.0, 107.0, 108.0, 103.0, 99.0, 99.0, 90.0, 82.0, 73.0, 73.0, 64.0, 49.0, 37.0, 21.0, 21.0, 9.0, 0.0
1.785140609592E12, 24.0, 24.0, 32.0, 32.0, 27.0, 27.0, 36.0, 38.0, 38.0, 49.0, 51.0, 51.0, 59.0, 73.0, 73.0, 79.0, 90.0, 90.0, 97.0, 109.0, 109.0, 113.0, 120.0, 110.0, 110.0, 117.0, 116.0, 110.0, 110.0, 112.0, 109.0, 107.0, 107.0, 104.0, 104.0, 96.0, 94.0, 94.0, 89.0, 77.0, 65.0, 55.0, 55.0, 38.0, 22.0, 7.0, 0.0
1.785140611916E12, 24.0, 29.0, 29.0, 29.0, 26.0, 37.0, 37.0, 40.0, 40.0, 48.0, 44.0, 44.0, 50.0, 58.0, 58.0, 63.0, 76.0, 76.0, 80.0, 93.0, 100.0, 100.0, 101.0, 109.0, 109.0, 118.0, 113.0, 115.0, 115.0, 115.0, 110.0, 109.0, 109.0, 106.0, 99.0, 86.0, 96.0, 96.0, 82.0, 85.0, 56.0, 44.0, 44.0, 30.0, 16.0, 4.0, 0.0
1.78514061409E12, 25.0, 28.0, 35.0, 35.0, 31.0, 31.0, 36.0, 36.0, 36.0, 46.0, 48.0, 48.0, 53.0, 60.0, 60.0, 67.0, 77.0, 77.0, 86.0, 96.0, 96.0, 102.0, 109.0, 121.0, 121.0, 113.0, 115.0, 117.0, 117.0, 116.0, 118.0, 118.0, 118.0, 112.0, 109.0, 104.0, 95.0, 95.0, 88.0, 75.0, 59.0, 45.0, 45.0, 29.0, 14.0
1.785140616342E12, 22.0, 29.0, 26.0, 26.0, 27.0, 30.0, 30.0, 38.0, 42.0, 42.0, 46.0, 46.0, 50.0, 58.0, 58.0, 71.0, 75.0, 75.0, 89.0, 95.0, 100.0, 100.0, 104.0, 109.0, 109.0, 109.0, 109.0, 112.0, 112.0, 101.0, 100.0, 101.0, 101.0, 97.0, 96.0, 91.0, 75.0, 75.0, 75.0, 62.0, 50.0, 29.0, 29.0, 13.0, 4.0, 0.0
1.78514061859E12, 23.0, 24.0, 28.0, 28.0, 29.0, 29.0, 36.0, 39.0, 39.0, 48.0, 48.0, 48.0, 56.0, 64.0, 64.0, 71.0, 78.0, 78.0, 87.0, 99.0, 99.0, 100.0, 106.0, 106.0, 108.0, 113.0, 113.0, 113.0, 118.0, 107.0, 109.0, 109.0, 111.0, 102.0, 101.0, 99.0, 99.0, 90.0, 84.0, 74.0, 61.0, 61.0, 45.0, 27.0, 15.0, 0.0
1.785140620841E12, 18.0, 22.0, 22.0, 24.0, 26.0, 26.0, 28.0, 37.0, 37.0, 35.0, 35.0, 47.0, 47.0, 47.0, 65.0, 63.0, 63.0, 76.0, 85.0, 85.0, 96.0, 99.0, 106.0, 106.0, 112.0, 112.0, 112.0, 108.0, 111.0, 108.0, 108.0, 110.0, 103.0, 96.0, 96.0, 92.0, 90.0, 80.0, 74.0, 74.0, 61.0, 47.0, 39.0, 39.0, 27.0, 11.0
1.785140623016E12, 26.0, 26.0, 26.0, 36.0, 25.0, 25.0, 34.0, 39.0, 39.0, 48.0, 52.0, 52.0, 61.0, 69.0, 69.0, 75.0, 88.0, 88.0, 92.0, 106.0, 106.0, 107.0, 109.0, 109.0, 115.0, 118.0, 112.0, 112.0, 108.0, 102.0, 98.0, 98.0, 97.0, 98.0, 82.0, 80.0, 80.0, 73.0, 68.0, 60.0, 60.0, 53.0, 40.0, 28.0, 15.0, 15.0
1.785140625267E12, 23.0, 24.0, 31.0, 31.0, 26.0, 33.0, 33.0, 33.0, 33.0, 45.0, 43.0, 43.0, 55.0, 63.0, 63.0, 68.0, 86.0, 86.0, 96.0, 110.0, 110.0, 110.0, 121.0, 119.0, 119.0, 122.0, 121.0, 117.0, 117.0, 114.0, 111.0, 100.0, 100.0, 101.0, 99.0, 94.0, 91.0, 91.0, 87.0, 76.0, 65.0, 52.0, 52.0, 35.0, 20.0, 7.0
1.785140627591E12, 23.0, 31.0, 31.0, 31.0, 25.0, 26.0, 26.0, 32.0, 32.0, 35.0, 37.0, 37.0, 45.0, 50.0, 50.0, 62.0, 77.0, 77.0, 86.0, 100.0, 100.0, 110.0, 112.0, 114.0, 114.0, 114.0, 110.0, 109.0, 109.0, 108.0, 104.0, 105.0, 105.0, 105.0, 93.0, 88.0, 88.0, 80.0, 70.0, 60.0, 44.0, 44.0, 29.0, 18.0, 4.0
1.785140629841E12, 24.0, 26.0, 29.0, 29.0, 28.0, 32.0, 32.0, 39.0, 39.0, 44.0, 47.0, 47.0, 52.0, 63.0, 63.0, 61.0, 77.0, 77.0, 85.0, 91.0, 91.0, 87.0, 95.0, 100.0, 100.0, 105.0, 104.0, 104.0, 101.0, 104.0, 101.0, 101.0, 93.0, 88.0, 87.0, 87.0, 76.0, 72.0, 61.0, 48.0, 48.0, 33.0, 18.0, 7.0, 7.0, 0.0
1.785140632015E12, 18.0, 25.0, 25.0, 26.0, 28.0, 28.0, 27.0, 40.0, 40.0, 44.0, 52.0, 52.0, 48.0, 48.0, 56.0, 65.0, 65.0, 75.0, 81.0, 81.0, 91.0, 93.0, 93.0, 100.0, 103.0, 98.0, 98.0, 103.0, 106.0, 101.0, 101.0, 103.0, 102.0, 102.0, 99.0, 98.0, 93.0, 80.0, 80.0, 78.0, 70.0, 60.0, 60.0, 42.0, 25.0, 12.0, 0.0
1.785140634266E12, 20.0, 23.0, 23.0, 26.0, 25.0, 25.0, 26.0, 33.0, 33.0, 41.0, 41.0, 47.0, 55.0, 55.0, 64.0, 79.0, 79.0, 93.0, 113.0, 113.0, 119.0, 130.0, 130.0, 135.0, 133.0, 136.0, 136.0, 140.0, 128.0, 128.0, 128.0, 125.0, 119.0, 118.0, 111.0, 111.0, 102.0, 95.0, 81.0, 66.0, 66.0, 53.0, 39.0, 23.0, 9.0, 9.0
1.78514063659E12, 26.0, 25.0, 31.0, 31.0, 29.0, 34.0, 34.0, 41.0, 49.0, 49.0, 59.0, 71.0, 71.0, 77.0, 89.0, 89.0, 101.0, 105.0, 105.0, 108.0, 113.0, 109.0, 109.0, 112.0, 109.0, 111.0, 111.0, 112.0, 115.0, 108.0, 108.0, 104.0, 98.0, 87.0, 78.0, 78.0, 68.0, 52.0, 40.0, 19.0, 19.0, 13.0
1.785140638763E12, 23.0, 24.0, 33.0, 33.0, 25.0, 31.0, 31.0, 35.0, 44.0, 44.0, 46.0, 46.0, 52.0, 65.0, 69.0, 69.0, 83.0, 94.0, 94.0, 100.0, 106.0, 106.0, 110.0, 112.0, 112.0, 115.0, 116.0, 109.0, 109.0, 107.0, 103.0, 107.0, 108.0, 108.0, 110.0, 94.0, 91.0, 91.0, 82.0, 66.0, 53.0, 34.0, 34.0, 14.0, 6.0
1.78514064094E12, 21.0, 25.0, 25.0, 23.0, 28.0, 28.0, 28.0, 37.0, 37.0, 39.0, 49.0, 49.0, 50.0, 67.0, 67.0, 76.0, 85.0, 85.0, 101.0, 112.0, 112.0, 116.0, 111.0, 111.0, 116.0, 115.0, 115.0, 115.0, 114.0, 105.0, 107.0, 107.0, 102.0, 98.0, 89.0, 85.0, 85.0, 72.0, 61.0, 49.0, 32.0, 32.0, 19.0, 5.0
1.785140643191E12, 19.0, 22.0, 27.0, 27.0, 26.0, 27.0, 27.0, 38.0, 38.0, 47.0, 50.0, 50.0, 55.0, 61.0, 61.0, 70.0, 77.0, 77.0, 88.0, 94.0, 94.0, 103.0, 111.0, 112.0, 112.0, 111.0, 117.0, 117.0, 114.0, 115.0, 114.0, 105.0, 105.0, 104.0, 103.0, 98.0, 98.0, 95.0, 92.0, 89.0, 81.0, 81.0, 70.0, 45.0, 33.0, 21.0, 21.0, 5.0
1.785140645438E12, 22.0, 27.0, 31.0, 31.0, 29.0, 38.0, 38.0, 40.0, 40.0, 48.0, 47.0, 47.0, 55.0, 66.0, 66.0, 69.0, 83.0, 96.0, 96.0, 102.0, 109.0, 109.0, 113.0, 110.0, 118.0, 118.0, 120.0, 117.0, 110.0, 110.0, 107.0, 103.0, 101.0, 101.0, 100.0, 89.0, 88.0, 78.0, 78.0, 67.0, 51.0, 38.0, 17.0, 17.0, 8.0, 0.0
1.785140647614E12, 27.0, 34.0, 39.0, 39.0, 44.0, 44.0, 51.0, 64.0, 64.0, 70.0, 81.0, 81.0, 82.0, 97.0, 102.0, 102.0, 107.0, 110.0, 110.0, 112.0, 105.0, 107.0, 107.0, 112.0, 107.0, 109.0, 109.0, 107.0, 103.0, 102.0, 102.0, 102.0, 96.0, 92.0, 84.0, 72.0, 72.0, 59.0, 42.0, 26.0, 11.0, 11.0, 0.0
1.785140649789E12, 26.0, 23.0, 23.0, 27.0, 30.0, 30.0, 30.0, 39.0, 39.0, 40.0, 49.0, 49.0, 57.0, 71.0, 71.0, 83.0, 95.0, 95.0, 106.0, 107.0, 107.0, 116.0, 120.0, 112.0, 112.0, 113.0, 114.0, 114.0, 114.0, 111.0, 109.0, 99.0, 88.0, 88.0, 91.0, 83.0, 81.0, 81.0, 60.0, 48.0, 36.0, 23.0, 23.0, 9.0
1.785140651963E12, 19.0, 28.0, 28.0, 25.0, 26.0, 26.0, 27.0, 38.0, 38.0, 44.0, 46.0, 46.0, 56.0, 67.0, 67.0, 78.0, 91.0, 91.0, 101.0, 108.0, 108.0, 112.0, 113.0, 113.0, 116.0, 114.0, 118.0, 118.0, 102.0, 105.0, 102.0, 96.0, 96.0, 94.0, 90.0, 82.0, 82.0, 72.0, 65.0, 52.0, 41.0, 41.0, 23.0, 12.0
1.785140654213E12, 22.0, 26.0, 29.0, 29.0, 29.0, 29.0, 31.0, 38.0, 38.0, 46.0, 48.0, 48.0, 60.0, 75.0, 75.0, 88.0, 95.0, 95.0, 106.0, 112.0, 112.0, 122.0, 124.0, 120.0, 120.0, 121.0, 122.0, 113.0, 113.0, 109.0, 104.0, 95.0, 95.0, 91.0, 83.0, 76.0, 68.0, 68.0, 60.0, 48.0, 33.0, 20.0, 20.0, 6.0
1.785140656464E12, 24.0, 26.0, 35.0, 35.0, 27.0, 34.0, 34.0, 42.0, 42.0, 50.0, 56.0, 56.0, 60.0, 73.0, 73.0, 83.0, 94.0, 94.0, 97.0, 108.0, 112.0, 112.0, 107.0, 109.0, 109.0, 115.0, 107.0, 105.0, 105.0, 99.0, 92.0, 93.0, 93.0, 93.0, 85.0, 76.0, 66.0, 66.0, 56.0, 44.0, 29.0, 29.0, 14.0, 4.0, 0.0
1.785140658637E12, 22.0, 25.0, 25.0, 28.0, 27.0, 27.0, 33.0, 40.0, 40.0, 48.0, 48.0, 49.0, 63.0, 63.0, 68.0, 84.0, 84.0, 98.0, 106.0, 106.0, 118.0, 128.0, 122.0, 122.0, 132.0, 132.0, 127.0, 127.0, 124.0, 126.0, 120.0, 120.0, 117.0, 111.0, 105.0, 98.0, 98.0, 94.0, 84.0, 75.0, 57.0, 57.0, 41.0, 26.0, 15.0
1.785140660812E12, 25.0, 24.0, 31.0, 31.0, 30.0, 37.0, 37.0, 43.0, 48.0, 48.0, 53.0, 71.0, 71.0, 79.0, 98.0, 98.0, 94.0, 114.0, 121.0, 121.0, 119.0, 123.0, 123.0, 126.0, 118.0, 117.0, 117.0, 117.0, 111.0, 109.0, 109.0, 109.0, 105.0, 102.0, 99.0, 91.0, 85.0, 85.0, 76.0, 60.0, 48.0, 27.0, 27.0, 17.0
1.785140662989E12, 25.0, 30.0, 30.0, 28.0, 34.0, 34.0, 36.0, 53.0, 53.0, 55.0, 59.0, 59.0, 71.0, 76.0, 90.0, 90.0, 97.0, 107.0, 107.0, 118.0, 125.0, 119.0, 119.0, 119.0, 118.0, 114.0, 114.0, 114.0, 112.0, 105.0, 103.0, 103.0, 104.0, 99.0, 95.0, 91.0, 91.0, 86.0, 83.0, 75.0, 53.0, 39.0, 39.0, 24.0, 9.0
1.785140665239E12, 26.0, 22.0, 26.0, 26.0, 31.0, 32.0, 32.0, 39.0, 48.0, 48.0, 52.0, 61.0, 61.0, 69.0, 75.0, 75.0, 88.0, 98.0, 106.0, 106.0, 116.0, 122.0, 118.0, 118.0, 119.0, 119.0, 108.0, 108.0, 111.0, 110.0, 107.0, 99.0, 99.0, 95.0, 90.0, 87.0, 83.0, 83.0, 73.0, 65.0, 52.0, 39.0, 39.0, 23.0, 10.0, 0.0
1.785140667411E12, 24.0, 30.0, 35.0, 35.0, 35.0, 39.0, 39.0, 49.0, 57.0, 57.0, 66.0, 79.0, 79.0, 95.0, 97.0, 97.0, 115.0, 133.0, 139.0, 139.0, 134.0, 135.0, 132.0, 132.0, 135.0, 137.0, 130.0, 130.0, 130.0, 123.0, 118.0, 114.0, 111.0, 101.0, 101.0, 95.0, 91.0, 79.0, 63.0, 43.0, 43.0, 24.0, 11.0
1.785140669512E12, 26.0, 32.0, 32.0, 32.0, 26.0, 39.0, 39.0, 49.0, 61.0, 61.0, 62.0, 69.0, 69.0, 88.0, 101.0, 101.0, 107.0, 118.0, 124.0, 124.0, 119.0, 118.0, 118.0, 110.0, 110.0, 110.0, 107.0, 100.0, 100.0, 99.0, 98.0, 91.0, 81.0, 81.0, 76.0, 66.0, 50.0, 34.0, 29.0, 29.0, 17.0
1.785140671689E12, 21.0, 32.0, 30.0, 30.0, 30.0, 38.0, 38.0, 43.0, 55.0, 55.0, 59.0, 69.0, 69.0, 81.0, 87.0, 87.0, 100.0, 113.0, 113.0, 111.0, 118.0, 122.0, 122.0, 117.0, 115.0, 116.0, 116.0, 109.0, 104.0, 115.0, 109.0, 109.0, 112.0, 93.0, 88.0, 85.0, 85.0, 74.0, 59.0, 49.0, 33.0, 33.0, 19.0, 4.0
1.785140673791E12, 24.0, 30.0, 36.0, 36.0, 36.0, 43.0, 43.0, 52.0, 64.0, 64.0, 72.0, 88.0, 88.0, 103.0, 111.0, 111.0, 125.0, 143.0, 145.0, 145.0, 151.0, 149.0, 150.0, 149.0, 149.0, 152.0, 135.0, 137.0, 137.0, 137.0, 130.0, 127.0, 125.0, 117.0, 106.0, 97.0, 97.0, 78.0, 67.0, 50.0, 31.0, 16.0
1.785140675962E12, 26.0, 34.0, 38.0, 38.0, 44.0, 47.0, 58.0, 58.0, 73.0, 81.0, 81.0, 95.0, 112.0, 122.0, 122.0, 133.0, 137.0, 137.0, 137.0, 140.0, 144.0, 136.0, 141.0, 141.0, 143.0, 140.0, 139.0, 141.0, 127.0, 125.0, 125.0, 116.0, 113.0, 109.0, 98.0, 81.0, 66.0, 53.0, 53.0, 36.0, 16.0
1.78514067829E12, 24.0, 33.0, 36.0, 36.0, 40.0, 39.0, 49.0, 49.0, 59.0, 66.0, 66.0, 75.0, 85.0, 85.0, 101.0, 120.0, 125.0, 125.0, 134.0, 138.0, 140.0, 144.0, 144.0, 147.0, 139.0, 140.0, 139.0, 131.0, 131.0, 127.0, 128.0, 116.0, 115.0, 109.0, 95.0, 95.0, 83.0, 68.0, 51.0, 33.0, 12.0
1.785140680387E12, 25.0, 31.0, 34.0, 34.0, 34.0, 37.0, 37.0, 48.0, 54.0, 54.0, 58.0, 64.0, 64.0, 77.0, 79.0, 87.0, 87.0, 98.0, 101.0, 112.0, 112.0, 117.0, 111.0, 116.0, 116.0, 120.0, 121.0, 113.0, 110.0, 110.0, 105.0, 102.0, 94.0, 88.0, 88.0, 85.0, 79.0, 71.0, 58.0, 48.0, 48.0, 33.0, 21.0, 10.0
1.785140682712E12, 23.0, 27.0, 27.0, 28.0, 31.0, 31.0, 33.0, 45.0, 45.0, 50.0, 52.0, 52.0, 66.0, 80.0, 88.0, 88.0, 95.0, 110.0, 110.0, 114.0, 119.0, 120.0, 120.0, 119.0, 121.0, 123.0, 123.0, 117.0, 116.0, 115.0, 110.0, 110.0, 111.0, 105.0, 98.0, 93.0, 93.0, 82.0, 70.0, 57.0, 42.0, 28.0, 28.0, 7.0
1.785140684887E12, 22.0, 32.0, 32.0, 32.0, 33.0, 33.0, 31.0, 41.0, 41.0, 46.0, 50.0, 50.0, 58.0, 66.0, 75.0, 75.0, 85.0, 92.0, 92.0, 106.0, 111.0, 111.0, 111.0, 115.0, 121.0, 121.0, 115.0, 117.0, 121.0, 114.0, 114.0, 110.0, 117.0, 113.0, 114.0, 114.0, 105.0, 94.0, 81.0, 65.0, 65.0, 50.0, 33.0, 18.0, 1.0
1.785140687212E12, 24.0, 29.0, 29.0, 26.0, 33.0, 33.0, 32.0, 45.0, 45.0, 48.0, 59.0, 59.0, 70.0, 86.0, 86.0, 90.0, 101.0, 109.0, 109.0, 114.0, 113.0, 113.0, 115.0, 108.0, 110.0, 110.0, 109.0, 105.0, 106.0, 107.0, 107.0, 98.0, 97.0, 92.0, 84.0, 84.0, 78.0, 65.0, 52.0, 37.0, 37.0, 19.0, 10.0
1.785140689389E12, 22.0, 28.0, 28.0, 28.0, 31.0, 33.0, 33.0, 39.0, 42.0, 42.0, 50.0, 50.0, 57.0, 60.0, 60.0, 69.0, 79.0, 90.0, 90.0, 96.0, 109.0, 109.0, 106.0, 111.0, 108.0, 108.0, 104.0, 104.0, 99.0, 99.0, 94.0, 93.0, 93.0, 93.0, 81.0, 81.0, 78.0, 78.0, 75.0, 62.0, 55.0, 44.0, 44.0, 30.0, 16.0, 3.0
1.785140691564E12, 26.0, 29.0, 36.0, 36.0, 30.0, 30.0, 37.0, 42.0, 42.0, 52.0, 51.0, 51.0, 58.0, 67.0, 67.0, 69.0, 79.0, 79.0, 89.0, 96.0, 96.0, 104.0, 108.0, 110.0, 110.0, 114.0, 117.0, 112.0, 112.0, 107.0, 107.0, 106.0, 106.0, 107.0, 103.0, 92.0, 92.0, 92.0, 90.0, 82.0, 74.0, 62.0, 62.0, 39.0, 26.0, 11.0
1.785140693737E12, 25.0, 36.0, 36.0, 33.0, 37.0, 37.0, 38.0, 48.0, 48.0, 52.0, 56.0, 56.0, 69.0, 74.0, 74.0, 88.0, 101.0, 112.0, 112.0, 115.0, 129.0, 121.0, 121.0, 128.0, 117.0, 111.0, 111.0, 111.0, 110.0, 105.0, 105.0, 103.0, 101.0, 95.0, 94.0, 94.0, 90.0, 78.0, 68.0, 55.0, 42.0, 42.0, 26.0, 17.0
1.785140695988E12, 27.0, 33.0, 31.0, 31.0, 34.0, 34.0, 35.0, 43.0, 43.0, 47.0, 56.0, 56.0, 62.0, 75.0, 75.0, 71.0, 82.0, 89.0, 89.0, 100.0, 108.0, 108.0, 112.0, 111.0, 117.0, 117.0, 123.0, 117.0, 117.0, 117.0, 121.0, 111.0, 111.0, 104.0, 104.0, 98.0, 90.0, 83.0, 68.0, 60.0, 60.0, 40.0, 36.0, 21.0, 12.0, 12.0
1.785140698164E12, 21.0, 30.0, 36.0, 36.0, 33.0, 31.0, 31.0, 40.0, 42.0, 42.0, 47.0, 47.0, 52.0, 57.0, 57.0, 70.0, 75.0, 89.0, 89.0, 98.0, 100.0, 100.0, 107.0, 112.0, 106.0, 106.0, 107.0, 108.0, 108.0, 108.0, 107.0, 103.0, 102.0, 102.0, 103.0, 104.0, 92.0, 90.0, 90.0, 84.0, 74.0, 62.0, 45.0, 45.0, 31.0, 13.0, 2.0
1.785140700337E12, 21.0, 27.0, 29.0, 29.0, 34.0, 34.0, 34.0, 46.0, 46.0, 46.0, 53.0, 53.0, 60.0, 65.0, 76.0, 76.0, 86.0, 99.0, 99.0, 102.0, 115.0, 115.0, 121.0, 130.0, 125.0, 125.0, 113.0, 114.0, 111.0, 105.0, 105.0, 101.0, 98.0, 92.0, 92.0, 89.0, 86.0, 75.0, 69.0, 69.0, 57.0, 40.0, 23.0, 12.0, 12.0
1.785140702585E12, 28.0, 34.0, 38.0, 38.0, 41.0, 41.0, 42.0, 54.0, 54.0, 55.0, 58.0, 58.0, 64.0, 72.0, 72.0, 84.0, 83.0, 94.0, 94.0, 107.0, 104.0, 104.0, 109.0, 113.0, 111.0, 111.0, 110.0, 106.0, 100.0, 99.0, 99.0, 95.0, 87.0, 87.0, 87.0, 84.0, 78.0, 73.0, 62.0, 62.0, 49.0, 37.0, 15.0, 12.0, 12.0
1.785140704761E12, 33.0, 41.0, 54.0, 54.0, 51.0, 57.0, 57.0, 70.0, 74.0, 74.0, 81.0, 88.0, 88.0, 88.0, 96.0, 103.0, 103.0, 109.0, 114.0, 114.0, 118.0, 115.0, 116.0, 116.0, 115.0, 110.0, 109.0, 108.0, 108.0, 98.0, 95.0, 100.0, 92.0, 92.0, 90.0, 72.0, 60.0, 49.0, 32.0, 32.0, 23.0, 9.0
