0.0, 89.0
0.054, 88.0
1.067, 87.0
2.034, 86.0
3.035, 85.0
4.015, 86.0
5.029, 86.0
6.019, 86.0
7.031, 86.0
8.043, 86.0
9.035, 87.0
10.026, 87.0
11.037, 88.0
12.027, 89.0
13.015, 90.0
14.053, 91.0
15.02, 91.0
16.076, 93.0
17.021, 94.0
18.034, 96.0
19.024, 97.0
20.06, 98.0
21.047, 98.0
22.016, 98.0
23.053, 98.0
24.017, 98.0
25.03, 98.0
26.019, 98.0
27.055, 98.0
28.045, 97.0
29.058, 97.0
30.026, 96.0
31.016, 96.0
32.075, 95.0
33.018, 95.0
34.075, 95.0
35.042, 95.0
36.053, 96.0
37.021, 97.0
38.034, 98.0
39.023, 99.0
40.022, 99.0
41.028, 98.0
42.015, 98.0
43.053, 97.0
44.019, 96.0
45.076, 96.0
46.022, 96.0
47.033, 97.0
48.025, 97.0
49.015, 97.0
50.027, 97.0
51.018, 97.0
52.03, 97.0
53.021, 98.0
54.078, 97.0
55.022, 97.0
56.035, 96.0
57.024, 95.0
58.013, 94.0
59.026, 93.0
60.018, 92.0
61.053, 91.0
62.019, 91.0
63.077, 91.0
64.023, 91.0
65.034, 91.0
66.025, 91.0
67.082, 92.0
68.027, 92.0
69.016, 92.0
70.029, 93.0
71.02, 93.0
72.029, 93.0
73.043, 94.0
74.034, 93.0
75.024, 93.0
76.08, 93.0
77.027, 93.0
78.018, 94.0
79.029, 95.0
80.019, 96.0
81.033, 97.0
82.044, 99.0
83.034, 100.0
84.045, 101.0
85.035, 103.0
86.024, 104.0
87.037, 105.0
88.027, 106.0
89.016, 107.0
90.052, 106.0
91.042, 106.0
92.07, 105.0
93.021, 104.0
94.057, 104.0
95.047, 103.0
96.038, 103.0
97.027, 103.0
98.04, 103.0
99.073, 102.0
100.022, 101.0
101.033, 101.0
102.023, 100.0
103.034, 100.0
104.07, 100.0
105.014, 99.0
106.027, 99.0
107.017, 98.0
108.073, 98.0
109.043, 97.0
110.033, 97.0
111.024, 97.0
112.057, 96.0
113.069, 96.0
114.013, 95.0
115.028, 95.0
116.017, 95.0
117.075, 95.0
118.019, 96.0
119.032, 96.0
120.021, 96.0
121.056, 96.0
122.07, 96.0
123.016, 96.0
124.027, 95.0
125.019, 95.0
126.03, 95.0
127.019, 95.0
128.032, 96.0
129.022, 96.0
130.034, 96.0
131.022, 96.0
132.035, 96.0
133.049, 96.0
134.039, 96.0
135.097, 96.0
136.016, 96.0
137.053, 97.0
138.021, 97.0
139.031, 97.0
140.022, 97.0
141.034, 97.0
142.024, 97.0
143.015, 97.0
144.071, 98.0
145.041, 99.0
146.029, 98.0
147.021, 97.0
148.078, 96.0
149.022, 96.0
150.035, 95.0
151.024, 95.0
152.039, 95.0
153.026, 94.0
154.017, 95.0
155.032, 96.0
156.02, 95.0
157.1, 95.0
158.023, 94.0
159.058, 94.0
160.026, 93.0
161.015, 93.0
162.028, 93.0
163.016, 94.0
164.053, 95.0
165.019, 95.0
166.122, 95.0
167.067, 96.0
168.034, 96.0
169.023, 97.0
170.014, 98.0
171.025, 98.0
172.018, 99.0
173.052, 99.0
174.018, 100.0
175.033, 100.0
176.022, 100.0
177.056, 100.0
178.022, 100.0
179.012, 100.0
180.028, 100.0
181.017, 100.0
182.029, 100.0
183.02, 100.0
184.031, 100.0
185.043, 100.0
186.033, 100.0
187.023, 100.0
188.012, 100.0
189.048, 100.0
190.016, 99.0
191.029, 99.0
192.019, 99.0
193.078, 98.0
194.067, 98.0
195.056, 97.0
196.023, 97.0
197.036, 97.0
198.093, 96.0
199.014, 96.0
200.051, 96.0
201.02, 96.0
202.03, 95.0
203.086, 95.0
204.033, 95.0
205.024, 95.0
206.057, 95.0
207.048, 95.0
208.015, 95.0
209.027, 96.0
210.041, 96.0
211.03, 97.0
212.021, 97.0
213.03, 97.0
214.021, 97.0
215.036, 98.0
216.071, 98.0
217.038, 98.0
218.028, 99.0
219.017, 100.0
220.031, 100.0
221.043, 99.0
222.034, 99.0
223.066, 99.0
224.032, 99.0
225.069, 99.0
226.016, 98.0
227.048, 98.0
228.017, 98.0
229.074, 98.0
230.019, 98.0
231.033, 98.0
232.068, 97.0
233.035, 97.0
234.024, 98.0
235.013, 98.0
236.028, 98.0
237.039, 99.0
238.096, 99.0
239.02, 100.0
240.032, 100.0
241.024, 100.0
242.035, 101.0
243.024, 101.0
244.036, 101.0
245.049, 101.0
246.016, 100.0
247.073, 100.0
248.019, 100.0
249.053, 101.0
250.089, 101.0
251.035, 101.0
252.023, 102.0
253.036, 102.0
254.025, 103.0
255.017, 103.0
256.029, 104.0
257.062, 104.0
258.056, 105.0
259.023, 105.0
260.034, 104.0
261.026, 104.0
262.037, 103.0
263.026, 103.0
264.018, 102.0
265.029, 102.0
266.041, 102.0
267.065, 101.0
268.019, 100.0
269.033, 100.0
270.024, 99.0
271.059, 98.0
272.025, 97.0
273.016, 96.0
274.029, 95.0
275.064, 95.0
276.031, 95.0
277.022, 95.0
278.032, 94.0
279.046, 94.0
280.034, 95.0
281.071, 95.0
282.013, 97.0
283.029, 98.0
284.017, 99.0
285.03, 100.0
286.022, 101.0
287.032, 102.0
288.068, 102.0
289.035, 103.0
290.023, 103.0
291.016, 104.0
292.073, 103.0
293.039, 103.0
294.029, 103.0
295.041, 102.0
296.031, 102.0
297.022, 102.0
298.058, 102.0
299.045, 102.0
300.037, 101.0
301.026, 101.0
302.016, 100.0
303.03, 99.0
304.019, 99.0
305.032, 99.0
306.022, 98.0
307.037, 98.0
308.026, 98.0
309.015, 98.0
310.072, 98.0
311.017, 97.0
312.03, 97.0
313.043, 98.0
314.031, 98.0
315.02, 98.0
316.056, 98.0
317.024, 98.0
318.06, 99.0
319.026, 99.0
320.039, 99.0
321.029, 99.0
322.02, 100.0
323.032, 101.0
324.022, 102.0
325.035, 102.0
326.023, 103.0
327.036, 103.0
328.027, 103.0
329.017, 103.0
330.029, 103.0
331.063, 103.0
332.077, 103.0
333.022, 102.0
334.032, 102.0
335.023, 102.0
336.036, 101.0
337.028, 101.0
338.038, 100.0
339.031, 100.0
340.042, 100.0
341.031, 100.0
342.045, 99.0
343.035, 98.0
344.044, 98.0
345.035, 98.0
346.025, 97.0
347.038, 97.0
348.028, 97.0
349.041, 97.0
350.029, 97.0
351.042, 96.0
352.054, 97.0
353.021, 97.0
354.034, 98.0
355.025, 98.0
356.059, 98.0
357.027, 99.0
358.016, 99.0
359.03, 100.0
360.041, 101.0
361.031, 101.0
362.043, 101.0
363.034, 102.0
364.07, 102.0
365.058, 102.0
366.027, 101.0
367.018, 101.0
368.029, 102.0
369.085, 102.0
370.032, 102.0
371.021, 103.0
372.033, 103.0
373.022, 103.0
374.015, 103.0
375.049, 104.0
376.017, 104.0
377.052, 104.0
378.063, 104.0
379.055, 105.0
380.022, 105.0
381.057, 105.0
382.091, 105.0
383.036, 105.0
384.027, 104.0
385.016, 103.0
386.028, 102.0
387.02, 101.0
388.031, 100.0
389.022, 99.0
390.034, 98.0
391.024, 97.0
392.037, 97.0
393.026, 96.0
394.04, 96.0
395.03, 96.0
396.053, 96.0
397.032, 96.0
398.021, 95.0
399.033, 95.0
400.024, 96.0
401.035, 96.0
402.026, 96.0
403.015, 97.0
404.029, 97.0
405.064, 97.0
406.03, 97.0
407.043, 97.0
408.033, 97.0
409.024, 96.0
410.035, 96.0
411.025, 96.0
412.038, 95.0
413.028, 95.0
414.064, 95.0
415.031, 94.0
416.019, 94.0
417.033, 94.0
418.023, 94.0
419.057, 94.0
420.026, 94.0
421.037, 94.0
422.027, 94.0
423.017, 94.0
424.03, 95.0
425.042, 95.0
426.032, 95.0
427.021, 95.0
428.056, 95.0
429.028, 95.0
430.016, 95.0
431.05, 95.0
432.04, 95.0
433.073, 95.0
434.019, 95.0
435.032, 95.0
436.045, 95.0
437.058, 94.0
438.023, 94.0
439.015, 94.0
440.025, 93.0
441.085, 93.0
442.028, 94.0
443.019, 94.0
444.032, 95.0
445.024, 95.0
446.08, 95.0
447.069, 95.0
448.037, 95.0
449.027, 95.0
450.062, 95.0
451.052, 95.0
452.021, 95.0
453.075, 95.0
454.045, 94.0
455.1, 93.0
456.024, 94.0
457.036, 94.0
458.027, 94.0
459.062, 94.0
460.028, 95.0
461.018, 95.0
462.03, 95.0
463.067, 95.0
464.102, 95.0
465.069, 95.0
466.037, 95.0
467.027, 95.0
468.018, 95.0
469.05, 95.0
470.028, 95.0
471.031, 95.0
472.019, 95.0
473.056, 95.0
474.024, 95.0
475.071, 95.0
476.024, 95.0
477.016, 95.0
478.029, 96.0
479.019, 96.0
480.03, 96.0
481.089, 96.0
482.034, 96.0
483.024, 96.0
484.037, 97.0
485.025, 97.0
486.129, 97.0
487.029, 97.0
488.018, 97.0
489.029, 97.0
490.019, 96.0
491.033, 96.0
492.026, 96.0
493.036, 95.0
494.026, 95.0
495.015, 95.0
496.073, 95.0
497.018, 95.0
498.051, 95.0
499.021, 96.0
500.033, 96.0
501.023, 96.0
502.047, 96.0
503.026, 96.0
504.037, 95.0
505.027, 95.0
506.016, 95.0
507.029, 95.0
508.019, 94.0
509.077, 94.0
510.021, 93.0
511.034, 93.0
512.023, 93.0
513.081, 93.0
514.048, 93.0
515.039, 93.0
516.03, 93.0
517.042, 93.0
518.032, 94.0
519.021, 94.0
520.035, 94.0
521.025, 94.0
522.06, 94.0
523.026, 94.0
524.039, 94.0
525.029, 93.0
526.042, 93.0
527.034, 93.0
528.022, 93.0
529.034, 93.0
530.026, 93.0
531.082, 93.0
532.027, 92.0
533.016, 92.0
534.029, 92.0
535.064, 92.0
536.03, 92.0
537.022, 92.0
538.034, 92.0
539.024, 92.0
540.081, 92.0
541.049, 92.0
542.039, 92.0
543.029, 92.0
544.018, 93.0
545.031, 93.0
546.02, 93.0
547.057, 93.0
548.025, 94.0
549.057, 94.0
550.025, 94.0
551.015, 94.0
552.031, 94.0
553.064, 94.0
554.03, 94.0
555.02, 94.0
556.033, 94.0
557.022, 95.0
558.058, 94.0
559.024, 94.0
560.014, 94.0
561.028, 94.0
562.018, 94.0
563.05, 94.0
564.043, 94.0
565.032, 94.0
566.023, 94.0
567.036, 95.0
568.024, 95.0
569.037, 95.0
570.028, 95.0
571.019, 95.0
572.03, 96.0
573.065, 96.0
574.033, 96.0
575.089, 96.0
576.033, 96.0
577.025, 97.0
578.081, 97.0
579.026, 98.0
580.016, 98.0
581.029, 98.0
582.042, 98.0
583.031, 98.0
584.043, 98.0
585.033, 98.0
586.032, 98.0
587.036, 98.0
588.026, 98.0
589.017, 98.0
590.03, 97.0
591.02, 97.0
592.031, 97.0
593.044, 97.0
594.034, 97.0
595.025, 97.0
596.057, 96.0
597.049, 96.0
598.06, 96.0
599.031, 96.0
600.088, 95.0
601.052, 95.0
602.022, 95.0
603.055, 95.0
604.02, 94.0
605.036, 93.0
606.026, 93.0
607.038, 93.0
608.05, 93.0
609.018, 93.0
610.031, 93.0
611.022, 93.0
612.057, 93.0
613.045, 93.0
614.034, 93.0
615.025, 93.0
616.038, 93.0
617.049, 93.0
618.019, 93.0
619.051, 92.0
620.021, 92.0
621.056, 92.0
622.022, 92.0
623.033, 92.0
624.025, 93.0
625.06, 93.0
626.074, 93.0
627.019, 93.0
628.154, 93.0
629.019, 93.0
630.031, 93.0
631.046, 93.0
632.058, 93.0
633.024, 93.0
634.105, 93.0
635.051, 93.0
636.018, 93.0
637.03, 93.0
638.02, 93.0
639.033, 93.0
640.022, 93.0
641.036, 93.0
642.027, 94.0
643.163, 94.0
644.027, 93.0
645.016, 93.0
646.075, 93.0
647.086, 93.0
648.054, 93.0
649.022, 93.0
650.035, 93.0
651.021, 93.0
652.034, 93.0
653.045, 93.0
654.012, 93.0
655.027, 93.0
656.017, 94.0
657.052, 94.0
658.018, 95.0
659.031, 96.0
660.023, 97.0
661.032, 98.0
662.022, 98.0
663.014, 98.0
664.028, 99.0
665.06, 99.0
666.03, 99.0
667.021, 99.0
668.055, 99.0
669.024, 100.0
670.036, 100.0
671.027, 100.0
672.038, 100.0
673.027, 100.0
674.018, 101.0
675.085, 101.0
676.018, 102.0
677.031, 102.0
678.023, 103.0
679.057, 104.0
680.028, 104.0
681.039, 104.0
682.027, 104.0
683.018, 103.0
684.028, 102.0
685.02, 102.0
686.033, 100.0
687.022, 100.0
688.035, 99.0
689.024, 98.0
690.038, 97.0
691.027, 97.0
692.016, 96.0
693.053, 96.0
694.019, 96.0
695.034, 95.0
696.045, 95.0
697.079, 95.0
698.026, 95.0
699.037, 95.0
700.027, 96.0
701.018, 96.0
702.029, 97.0
703.02, 97.0
704.055, 98.0
705.022, 98.0
706.08, 99.0
707.026, 100.0
708.061, 100.0
709.027, 101.0
710.016, 101.0
711.027, 102.0
712.019, 102.0
713.031, 102.0
714.043, 102.0
715.057, 103.0
716.046, 103.0
717.036, 103.0
718.026, 103.0
719.193, 104.0
720.029, 104.0
721.019, 104.0
722.029, 104.0
723.043, 104.0
724.079, 104.0
725.046, 104.0
726.035, 104.0
727.048, 104.0
728.084, 104.0
729.05, 103.0
730.019, 103.0
731.032, 102.0
732.021, 102.0
733.08, 103.0
734.023, 103.0
735.044, 103.0
736.048, 104.0
737.014, 104.0
738.05, 104.0
739.018, 104.0
740.032, 104.0
741.021, 104.0
742.033, 104.0
743.023, 104.0
744.036, 104.0
745.027, 103.0
746.039, 103.0
747.029, 102.0
748.019, 102.0
749.051, 101.0
750.02, 100.0
751.101, 100.0
752.024, 100.0
753.036, 99.0
754.024, 99.0
755.037, 99.0
756.028, 99.0
757.061, 99.0
758.052, 99.0
759.021, 99.0
760.122, 99.0
761.068, 99.0
762.034, 99.0
763.025, 100.0
764.104, 100.0
765.026, 100.0
766.017, 100.0
767.03, 100.0
768.021, 100.0
769.033, 100.0
770.045, 100.0
771.035, 100.0
772.025, 100.0
773.038, 100.0
774.073, 100.0
775.019, 100.0
776.029, 100.0
777.022, 100.0
778.077, 100.0
779.045, 100.0
780.036, 100.0
781.024, 99.0
782.036, 99.0
783.05, 99.0
784.016, 98.0
785.029, 98.0
786.019, 97.0
787.055, 96.0
788.022, 94.0
789.033, 93.0
790.025, 93.0
791.036, 92.0
792.095, 91.0
793.018, 91.0
794.03, 90.0
795.018, 90.0
796.054, 90.0
797.022, 90.0
798.034, 90.0
799.023, 90.0
800.082, 91.0
801.06, 91.0
802.014, 91.0
803.028, 92.0
804.019, 92.0
805.075, 92.0
806.022, 93.0
807.032, 93.0
808.021, 93.0
809.058, 94.0
810.025, 94.0
811.015, 94.0
812.051, 93.0
813.017, 93.0
814.03, 92.0
815.02, 92.0
816.032, 92.0
817.024, 91.0
818.081, 92.0
819.027, 92.0
820.037, 93.0
821.05, 93.0
822.017, 94.0
823.03, 94.0
824.042, 93.0
825.034, 92.0
826.024, 91.0
827.08, 91.0
828.049, 90.0
829.036, 89.0
830.028, 89.0
831.017, 89.0
832.029, 89.0
833.063, 90.0
834.054, 90.0
835.023, 90.0
836.036, 90.0
837.024, 90.0
838.117, 89.0
839.096, 89.0
840.017, 88.0
841.028, 87.0
842.071, 87.0
843.08, 87.0
844.023, 87.0
845.033, 86.0
