1.785225172527E12, 0.0, 0.0
1.785225174551E12, 8.0, 8.0, 8.0
1.78522517643E12, 15.0, 15.0, 15.0, 15.0, 36.0, 36.0, 36.0, 46.0, 46.0, 46.0, 46.0, 56.0, 56.0, 56.0, 56.0, 47.0, 47.0, 47.0, 61.0, 61.0, 61.0, 61.0, 57.0, 57.0, 57.0, 57.0, 65.0, 65.0, 65.0, 56.0, 56.0, 56.0, 56.0, 62.0, 62.0, 62.0, 62.0, 62.0, 62.0, 60.0, 60.0, 60.0, 60.0, 56.0, 56.0, 56.0, 60.0, 60.0, 60.0, 56.0, 56.0, 56.0, 56.0, 57.0, 57.0, 57.0, 52.0, 52.0, 52.0, 56.0, 56.0, 56.0, 50.0, 50.0, 50.0, 46.0, 46.0, 46.0, 34.0, 34.0, 34.0, 34.0, 33.0, 33.0, 33.0, 23.0, 23.0, 23.0, 17.0, 17.0, 17.0, 0.0, 0.0, 0.0, 0.0, 0.0, 0.0, 0.0, 1.0
1.785225178308E12, 14.0, 14.0, 14.0, 23.0, 23.0, 23.0, 23.0, 33.0, 33.0, 33.0, 40.0, 40.0, 40.0, 40.0, 40.0, 40.0, 40.0, 44.0, 44.0, 44.0, 45.0, 45.0, 45.0, 55.0, 55.0, 55.0, 55.0, 49.0, 49.0, 49.0, 58.0, 58.0, 58.0, 59.0, 59.0, 59.0, 62.0, 62.0, 62.0, 56.0, 56.0, 56.0, 60.0, 60.0, 60.0, 60.0, 63.0, 63.0, 63.0, 66.0, 66.0, 66.0, 61.0, 61.0, 61.0, 53.0, 53.0, 53.0, 57.0, 57.0, 57.0, 54.0, 54.0, 54.0, 48.0, 48.0, 48.0, 38.0, 38.0, 38.0, 23.0, 23.0, 23.0, 14.0, 14.0, 14.0, 0.0, 0.0, 0.0, 0.0, 0.0, 0.0, 2.0, 2.0
1.785225180107E12, 12.0, 12.0, 12.0, 27.0, 27.0, 27.0, 27.0, 40.0, 40.0, 40.0, 44.0, 44.0, 44.0, 41.0, 41.0, 41.0, 44.0, 44.0, 44.0, 48.0, 48.0, 48.0, 48.0, 58.0, 58.0, 58.0, 57.0, 57.0, 57.0, 56.0, 56.0, 56.0, 61.0, 61.0, 61.0, 63.0, 63.0, 63.0, 69.0, 69.0, 69.0, 58.0, 58.0, 58.0, 54.0, 54.0, 54.0, 58.0, 58.0, 58.0, 58.0, 58.0, 58.0, 55.0, 55.0, 55.0, 41.0, 41.0, 38.0, 38.0, 38.0, 33.0, 33.0, 33.0, 28.0, 28.0, 28.0, 17.0, 17.0, 17.0, 10.0, 10.0, 10.0, 4.0, 4.0, 4.0, 1.0, 1.0
1.785225182055E12, 13.0, 13.0, 13.0, 20.0, 20.0, 20.0, 20.0, 36.0, 36.0, 36.0, 40.0, 40.0, 40.0, 48.0, 48.0, 48.0, 51.0, 51.0, 51.0, 53.0, 53.0, 53.0, 53.0, 53.0, 53.0, 57.0, 57.0, 57.0, 62.0, 62.0, 62.0, 65.0, 65.0, 65.0, 62.0, 62.0, 62.0, 57.0, 57.0, 57.0, 64.0, 64.0, 64.0, 68.0, 68.0, 68.0, 68.0, 68.0, 68.0, 64.0, 64.0, 64.0, 58.0, 58.0, 58.0, 55.0, 55.0, 55.0, 50.0, 50.0, 40.0, 40.0, 40.0, 40.0, 40.0, 40.0, 32.0, 32.0, 32.0, 23.0, 23.0, 23.0, 8.0, 8.0, 0.0, 0.0, 0.0, 1.0, 1.0, 1.0
1.785225183933E12, 14.0, 14.0, 14.0, 23.0, 23.0, 23.0, 35.0, 35.0, 35.0, 36.0, 36.0, 36.0, 34.0, 34.0, 34.0, 43.0, 43.0, 43.0, 46.0, 46.0, 46.0, 56.0, 56.0, 56.0, 47.0, 47.0, 47.0, 54.0, 54.0, 54.0, 61.0, 61.0, 61.0, 63.0, 63.0, 63.0, 56.0, 56.0, 56.0, 51.0, 51.0, 51.0, 60.0, 60.0, 60.0, 58.0, 58.0, 58.0, 56.0, 56.0, 56.0, 43.0, 43.0, 39.0, 39.0, 39.0, 32.0, 32.0, 32.0, 23.0, 23.0, 23.0, 15.0, 15.0, 15.0, 5.0, 5.0, 5.0, 1.0, 1.0, 0.0, 0.0, 0.0
1.785225185805E12, 27.0, 27.0, 27.0, 20.0, 20.0, 20.0, 34.0, 34.0, 34.0, 34.0, 37.0, 37.0, 37.0, 48.0, 48.0, 48.0, 43.0, 43.0, 43.0, 41.0, 41.0, 41.0, 55.0, 55.0, 55.0, 60.0, 60.0, 60.0, 65.0, 65.0, 65.0, 56.0, 56.0, 56.0, 54.0, 54.0, 54.0, 64.0, 64.0, 64.0, 67.0, 67.0, 61.0, 61.0, 61.0, 54.0, 54.0, 54.0, 51.0, 51.0, 51.0, 50.0, 50.0, 50.0, 37.0, 37.0, 37.0, 41.0, 41.0, 35.0, 35.0, 35.0, 35.0, 35.0, 35.0, 21.0, 21.0, 21.0, 3.0, 3.0, 3.0, 0.0, 0.0, 0.0, 3.0, 3.0, 3.0
1.785225187683E12, 13.0, 13.0, 13.0, 13.0, 13.0, 13.0, 31.0, 31.0, 31.0, 43.0, 43.0, 43.0, 47.0, 47.0, 47.0, 45.0, 45.0, 45.0, 46.0, 46.0, 46.0, 46.0, 56.0, 56.0, 56.0, 65.0, 65.0, 63.0, 63.0, 63.0, 67.0, 67.0, 67.0, 68.0, 68.0, 68.0, 68.0, 68.0, 68.0, 64.0, 64.0, 64.0, 67.0, 67.0, 67.0, 65.0, 65.0, 65.0, 67.0, 67.0, 53.0, 53.0, 53.0, 47.0, 47.0, 47.0, 49.0, 49.0, 49.0, 46.0, 46.0, 44.0, 44.0, 44.0, 22.0, 22.0, 22.0, 15.0, 15.0, 15.0, 10.0, 10.0, 10.0, 15.0, 15.0, 2.0, 2.0, 2.0, 0.0, 0.0, 0.0, 0.0
1.785225189555E12, 23.0, 23.0, 23.0, 35.0, 35.0, 35.0, 38.0, 38.0, 38.0, 43.0, 43.0, 43.0, 49.0, 49.0, 49.0, 56.0, 56.0, 56.0, 57.0, 57.0, 57.0, 69.0, 69.0, 69.0, 71.0, 71.0, 71.0, 79.0, 79.0, 79.0, 66.0, 66.0, 66.0, 65.0, 65.0, 73.0, 73.0, 73.0, 77.0, 77.0, 77.0, 68.0, 68.0, 68.0, 58.0, 58.0, 58.0, 54.0, 54.0, 48.0, 48.0, 48.0, 42.0, 42.0, 42.0, 33.0, 33.0, 30.0, 30.0, 30.0, 22.0, 22.0, 22.0, 8.0, 8.0, 8.0, 0.0, 0.0, 0.0, 0.0, 0.0
1.785225191582E12, 20.0, 20.0, 20.0, 42.0, 42.0, 42.0, 46.0, 46.0, 46.0, 50.0, 50.0, 50.0, 55.0, 55.0, 55.0, 57.0, 57.0, 57.0, 63.0, 63.0, 63.0, 64.0, 64.0, 64.0, 67.0, 67.0, 67.0, 61.0, 61.0, 61.0, 56.0, 56.0, 56.0, 63.0, 63.0, 63.0, 63.0, 63.0, 63.0, 63.0, 63.0, 48.0, 48.0, 48.0, 50.0, 50.0, 50.0, 54.0, 54.0, 56.0, 56.0, 56.0, 45.0, 45.0, 45.0, 40.0, 40.0, 40.0, 34.0, 34.0, 32.0, 32.0, 32.0, 22.0, 22.0, 22.0, 2.0, 2.0, 7.0, 7.0, 7.0, 0.0, 0.0, 0.0
1.78522519353E12, 18.0, 18.0, 18.0, 29.0, 29.0, 29.0, 36.0, 36.0, 36.0, 45.0, 45.0, 45.0, 37.0, 37.0, 37.0, 48.0, 48.0, 48.0, 53.0, 53.0, 53.0, 65.0, 65.0, 65.0, 53.0, 53.0, 53.0, 57.0, 57.0, 57.0, 66.0, 66.0, 66.0, 65.0, 65.0, 65.0, 65.0, 65.0, 65.0, 54.0, 54.0, 56.0, 56.0, 56.0, 53.0, 53.0, 53.0, 51.0, 51.0, 51.0, 47.0, 47.0, 47.0, 47.0, 47.0, 41.0, 41.0, 41.0, 37.0, 37.0, 37.0, 24.0, 24.0, 24.0, 7.0, 7.0, 16.0, 16.0, 16.0, 5.0, 5.0, 5.0, 9.0, 9.0, 9.0, 0.0, 0.0
1.785225195482E12, 22.0, 22.0, 22.0, 46.0, 46.0, 46.0, 58.0, 58.0, 58.0, 58.0, 58.0, 58.0, 54.0, 54.0, 54.0, 71.0, 71.0, 71.0, 80.0, 80.0, 80.0, 85.0, 85.0, 85.0, 75.0, 75.0, 75.0, 72.0, 72.0, 72.0, 75.0, 75.0, 75.0, 81.0, 81.0, 69.0, 69.0, 69.0, 67.0, 67.0, 67.0, 60.0, 60.0, 60.0, 63.0, 63.0, 54.0, 54.0, 54.0, 53.0, 53.0, 53.0, 54.0, 54.0, 54.0, 57.0, 57.0, 48.0, 48.0, 48.0, 32.0, 32.0, 32.0, 25.0, 25.0, 27.0, 27.0, 27.0, 16.0, 16.0, 16.0, 5.0, 5.0, 0.0, 0.0, 0.0, 0.0, 0.0, 0.0
1.785225197433E12, 14.0, 14.0, 14.0, 36.0, 36.0, 36.0, 52.0, 52.0, 52.0, 49.0, 49.0, 49.0, 45.0, 45.0, 45.0, 54.0, 54.0, 54.0, 71.0, 71.0, 71.0, 80.0, 80.0, 80.0, 75.0, 75.0, 75.0, 75.0, 75.0, 76.0, 76.0, 76.0, 73.0, 73.0, 73.0, 68.0, 68.0, 68.0, 69.0, 69.0, 69.0, 69.0, 69.0, 66.0, 66.0, 66.0, 60.0, 60.0, 52.0, 52.0, 52.0, 60.0, 60.0, 60.0, 52.0, 52.0, 51.0, 51.0, 51.0, 36.0, 36.0, 36.0, 27.0, 27.0, 25.0, 25.0, 25.0, 25.0, 25.0, 12.0, 12.0, 12.0, 3.0, 3.0, 3.0, 0.0, 0.0, 0.0
1.785225199304E12, 18.0, 18.0, 18.0, 33.0, 33.0, 33.0, 51.0, 51.0, 51.0, 64.0, 64.0, 64.0, 69.0, 69.0, 76.0, 76.0, 76.0, 76.0, 76.0, 76.0, 81.0, 81.0, 81.0, 84.0, 84.0, 88.0, 88.0, 88.0, 79.0, 79.0, 79.0, 73.0, 73.0, 73.0, 73.0, 73.0, 73.0, 73.0, 73.0, 67.0, 67.0, 67.0, 62.0, 62.0, 66.0, 66.0, 66.0, 65.0, 65.0, 64.0, 64.0, 64.0, 42.0, 42.0, 45.0, 45.0, 45.0, 44.0, 44.0, 44.0, 45.0, 45.0, 32.0, 32.0, 32.0, 18.0, 18.0, 8.0, 8.0, 8.0, 4.0, 4.0, 0.0, 0.0
1.785225201255E12, 25.0, 25.0, 25.0, 37.0, 37.0, 37.0, 48.0, 48.0, 48.0, 43.0, 43.0, 43.0, 54.0, 54.0, 54.0, 60.0, 60.0, 63.0, 63.0, 63.0, 62.0, 62.0, 62.0, 70.0, 70.0, 70.0, 72.0, 72.0, 78.0, 78.0, 78.0, 67.0, 67.0, 67.0, 66.0, 66.0, 63.0, 63.0, 63.0, 65.0, 65.0, 65.0, 59.0, 59.0, 57.0, 57.0, 57.0, 58.0, 58.0, 54.0, 54.0, 54.0, 56.0, 56.0, 56.0, 45.0, 45.0, 39.0, 39.0, 39.0, 34.0, 34.0, 34.0, 34.0, 34.0, 29.0, 29.0, 11.0, 11.0, 11.0, 0.0, 0.0, 0.0, 0.0, 0.0
1.785225203127E12, 38.0, 38.0, 38.0, 55.0, 55.0, 55.0, 54.0, 54.0, 54.0, 55.0, 55.0, 55.0, 70.0, 70.0, 91.0, 91.0, 91.0, 85.0, 85.0, 85.0, 83.0, 83.0, 83.0, 78.0, 78.0, 80.0, 80.0, 80.0, 66.0, 66.0, 66.0, 63.0, 63.0, 66.0, 66.0, 66.0, 63.0, 63.0, 65.0, 65.0, 65.0, 47.0, 47.0, 47.0, 48.0, 48.0, 49.0, 49.0, 49.0, 52.0, 52.0, 41.0, 41.0, 41.0, 31.0, 31.0, 31.0, 26.0, 26.0, 27.0, 27.0, 27.0, 13.0, 13.0, 13.0, 13.0, 13.0, 0.0, 0.0, 0.0
1.785225205005E12, 32.0, 32.0, 50.0, 50.0, 50.0, 48.0, 48.0, 48.0, 43.0, 43.0, 43.0, 56.0, 56.0, 56.0, 60.0, 60.0, 60.0, 70.0, 70.0, 55.0, 55.0, 55.0, 60.0, 60.0, 60.0, 67.0, 67.0, 67.0, 74.0, 74.0, 65.0, 65.0, 65.0, 55.0, 55.0, 55.0, 58.0, 58.0, 57.0, 57.0, 57.0, 54.0, 54.0, 54.0, 47.0, 47.0, 53.0, 53.0, 53.0, 50.0, 50.0, 50.0, 50.0, 50.0, 34.0, 34.0, 34.0, 33.0, 33.0, 28.0, 28.0, 28.0, 29.0, 29.0, 29.0, 21.0, 21.0, 4.0, 4.0, 4.0, 0.0, 0.0, 0.0, 0.0
1.785225207101E12, 17.0, 17.0, 17.0, 19.0, 19.0, 19.0, 24.0, 24.0, 24.0, 10.0, 10.0, 10.0, 23.0
1.785225207405E12, 23.0, 23.0, 13.0, 13.0, 13.0, 13.0, 13.0, 13.0, 11.0, 11.0, 11.0, 18.0, 18.0, 18.0, 1.0, 1.0, 1.0, 7.0, 7.0, 7.0, 7.0, 1.0
1.785225281051E12, 0.0, 0.0, 0.0, 41.0, 41.0, 35.0, 35.0, 35.0, 29.0, 29.0, 23.0, 23.0, 19.0, 19.0, 19.0, 17.0, 17.0, 15.0, 15.0, 15.0, 15.0, 15.0, 15.0, 15.0, 16.0, 16.0, 15.0, 15.0, 15.0, 12.0, 12.0, 9.0, 9.0, 6.0, 6.0, 4.0, 4.0, 2.0, 2.0, 1.0, 1.0, 1.0, 0.0
1.7852253193E12, 0.0, 0.0, 0.0, 0.0, 9.0, 9.0, 9.0, 15.0, 15.0, 15.0, 20.0, 20.0, 20.0, 21.0, 21.0, 21.0, 22.0, 22.0, 22.0, 24.0, 24.0, 24.0, 31.0, 31.0, 31.0, 40.0, 40.0, 47.0, 47.0, 49.0, 49.0, 49.0, 53.0, 53.0, 54.0, 54.0, 50.0, 50.0, 44.0, 44.0, 36.0, 36.0, 29.0, 29.0, 22.0, 22.0, 16.0, 16.0, 10.0, 10.0, 7.0, 7.0, 3.0, 3.0, 1.0, 1.0, 0.0, 0.0, 0.0, 0.0
1.785225323056E12, 8.0, 8.0, 27.0, 27.0, 47.0, 47.0, 47.0, 47.0, 59.0, 59.0, 59.0, 59.0, 63.0, 63.0, 63.0, 71.0, 71.0, 71.0, 71.0, 80.0, 80.0, 80.0, 80.0, 82.0, 82.0, 82.0, 79.0, 79.0, 79.0, 79.0, 79.0, 79.0, 79.0, 81.0, 81.0, 81.0, 81.0, 81.0, 81.0, 82.0, 82.0, 82.0, 80.0, 80.0, 80.0, 80.0, 79.0, 79.0, 79.0, 80.0, 80.0, 80.0, 78.0, 78.0, 78.0, 77.0, 77.0, 77.0, 68.0, 68.0, 68.0, 75.0, 75.0, 75.0, 68.0, 68.0, 68.0, 65.0, 65.0, 65.0, 59.0, 59.0, 59.0, 55.0, 55.0, 54.0, 54.0, 54.0, 41.0, 41.0, 41.0, 34.0, 34.0, 34.0, 32.0, 32.0, 32.0, 13.0, 13.0, 13.0, 10.0, 10.0, 10.0, 0.0, 0.0
1.785225325602E12, 18.0, 34.0, 34.0, 48.0, 48.0, 48.0, 48.0, 56.0, 56.0, 56.0, 71.0, 71.0, 71.0, 78.0, 78.0, 78.0, 89.0, 89.0, 89.0, 86.0, 86.0, 86.0, 87.0, 87.0, 87.0, 83.0, 83.0, 83.0, 74.0, 74.0, 74.0, 76.0, 76.0, 76.0, 74.0, 74.0, 74.0, 76.0, 76.0, 76.0, 70.0, 70.0, 70.0, 63.0, 63.0, 63.0, 71.0, 71.0, 74.0, 74.0, 74.0, 73.0, 73.0, 73.0, 62.0, 62.0, 62.0, 61.0, 61.0, 60.0, 60.0, 60.0, 58.0, 58.0, 58.0, 52.0, 52.0, 52.0, 55.0, 55.0, 47.0, 47.0, 47.0, 44.0, 44.0, 44.0, 26.0, 26.0, 20.0, 20.0, 20.0, 4.0, 4.0, 4.0, 8.0, 8.0, 0.0
1.785225328221E12, 21.0, 36.0, 36.0, 53.0, 53.0, 53.0, 53.0, 64.0, 64.0, 64.0, 81.0, 81.0, 81.0, 83.0, 83.0, 83.0, 84.0, 84.0, 86.0, 86.0, 86.0, 79.0, 79.0, 79.0, 84.0, 84.0, 84.0, 68.0, 68.0, 68.0, 69.0, 69.0, 69.0, 73.0, 73.0, 80.0, 80.0, 80.0, 73.0, 73.0, 73.0, 68.0, 68.0, 68.0, 68.0, 68.0, 68.0, 68.0, 68.0, 56.0, 56.0, 56.0, 53.0, 53.0, 59.0, 59.0, 53.0, 53.0, 53.0, 48.0, 48.0, 27.0, 27.0, 27.0, 28.0, 28.0, 28.0, 28.0, 28.0, 27.0, 27.0, 27.0, 23.0, 23.0, 23.0, 0.0, 0.0, 4.0, 4.0, 4.0, 0.0, 0.0
1.785225330853E12, 12.0, 12.0, 24.0, 24.0, 38.0, 38.0, 38.0, 41.0, 41.0, 41.0, 52.0, 52.0, 52.0, 69.0, 69.0, 69.0, 76.0, 76.0, 76.0, 72.0, 72.0, 72.0, 72.0, 72.0, 72.0, 75.0, 75.0, 75.0, 78.0, 78.0, 78.0, 68.0, 68.0, 68.0, 62.0, 62.0, 58.0, 58.0, 58.0, 62.0, 62.0, 62.0, 51.0, 51.0, 51.0, 57.0, 57.0, 57.0, 57.0, 57.0, 59.0, 59.0, 59.0, 52.0, 52.0, 52.0, 45.0, 45.0, 45.0, 52.0, 52.0, 50.0, 50.0, 50.0, 50.0, 50.0, 50.0, 40.0, 40.0, 40.0, 38.0, 38.0, 36.0, 36.0, 36.0, 30.0, 30.0, 30.0, 21.0, 21.0, 14.0, 14.0, 14.0, 8.0, 8.0, 8.0, 0.0
1.785225333778E12, 27.0, 48.0, 48.0, 54.0, 54.0, 54.0, 54.0, 52.0, 52.0, 52.0, 48.0, 48.0, 48.0, 56.0, 56.0, 56.0, 59.0, 59.0, 59.0, 56.0, 56.0, 56.0, 47.0, 47.0, 47.0, 52.0, 52.0, 52.0, 55.0, 55.0, 55.0, 57.0, 57.0, 57.0, 54.0, 54.0, 54.0, 48.0, 48.0, 48.0, 56.0, 56.0, 56.0, 51.0, 51.0, 51.0, 48.0, 48.0, 48.0, 51.0, 51.0, 52.0, 52.0, 52.0, 54.0, 54.0, 54.0, 40.0, 40.0, 40.0, 47.0, 47.0, 47.0, 53.0, 53.0, 53.0, 53.0, 53.0, 51.0, 51.0, 51.0, 40.0, 40.0, 40.0, 38.0, 38.0, 38.0, 30.0, 30.0, 18.0, 18.0, 18.0, 15.0, 15.0, 15.0, 3.0, 3.0, 3.0, 4.0, 4.0, 0.0
1.785225336855E12, 24.0, 43.0, 43.0, 43.0, 51.0, 51.0, 51.0, 58.0, 58.0, 58.0, 60.0, 60.0, 60.0, 69.0, 69.0, 69.0, 68.0, 68.0, 68.0, 68.0, 68.0, 68.0, 68.0, 69.0, 69.0, 69.0, 67.0, 67.0, 67.0, 61.0, 61.0, 61.0, 60.0, 60.0, 60.0, 66.0, 66.0, 66.0, 71.0, 71.0, 71.0, 64.0, 64.0, 64.0, 57.0, 57.0, 57.0, 61.0, 61.0, 61.0, 64.0, 64.0, 61.0, 61.0, 61.0, 57.0, 57.0, 57.0, 48.0, 48.0, 48.0, 49.0, 49.0, 49.0, 40.0, 40.0, 40.0, 31.0, 31.0, 32.0, 32.0, 32.0, 24.0, 24.0, 24.0, 16.0, 16.0, 16.0, 0.0, 0.0, 0.0, 0.0, 0.0, 0.0, 0.0
1.785225339628E12, 13.0, 32.0, 32.0, 47.0, 47.0, 47.0, 56.0, 56.0, 56.0, 56.0, 65.0, 65.0, 65.0, 68.0, 68.0, 68.0, 75.0, 75.0, 75.0, 71.0, 71.0, 71.0, 71.0, 71.0, 71.0, 69.0, 69.0, 64.0, 64.0, 64.0, 64.0, 64.0, 64.0, 64.0, 64.0, 64.0, 63.0, 63.0, 63.0, 63.0, 63.0, 63.0, 58.0, 58.0, 58.0, 62.0, 62.0, 62.0, 64.0, 64.0, 64.0, 64.0, 64.0, 64.0, 51.0, 51.0, 55.0, 55.0, 55.0, 62.0, 62.0, 62.0, 63.0, 63.0, 63.0, 51.0, 51.0, 41.0, 41.0, 41.0, 36.0, 36.0, 36.0, 30.0, 30.0, 30.0, 13.0, 13.0, 13.0, 11.0, 11.0, 0.0
1.785225342402E12, 17.0, 29.0, 29.0, 44.0, 44.0, 44.0, 44.0, 51.0, 51.0, 51.0, 62.0, 62.0, 62.0, 64.0, 64.0, 64.0, 75.0, 75.0, 75.0, 74.0, 74.0, 74.0, 69.0, 69.0, 69.0, 70.0, 70.0, 70.0, 70.0, 70.0, 70.0, 74.0, 74.0, 74.0, 64.0, 64.0, 64.0, 57.0, 57.0, 57.0, 63.0, 63.0, 63.0, 62.0, 62.0, 62.0, 61.0, 61.0, 61.0, 49.0, 49.0, 51.0, 51.0, 51.0, 60.0, 60.0, 60.0, 60.0, 60.0, 60.0, 56.0, 56.0, 53.0, 53.0, 53.0, 54.0, 54.0, 54.0, 57.0, 57.0, 57.0, 47.0, 47.0, 48.0, 48.0, 48.0, 42.0, 42.0, 42.0, 40.0, 40.0, 24.0, 24.0, 24.0, 0.0, 0.0, 0.0, 0.0, 0.0, 0.0, 0.0, 0.0
1.785225345703E12, 20.0, 20.0, 34.0, 34.0, 44.0, 44.0, 44.0, 47.0, 47.0, 47.0, 58.0, 58.0, 58.0, 58.0, 60.0, 60.0, 60.0, 68.0, 68.0, 68.0, 58.0, 58.0, 58.0, 64.0, 64.0, 64.0, 62.0, 62.0, 62.0, 64.0, 64.0, 64.0, 61.0, 61.0, 61.0, 53.0, 53.0, 53.0, 61.0, 61.0, 61.0, 62.0, 62.0, 62.0, 69.0, 69.0, 69.0, 57.0, 57.0, 57.0, 60.0, 60.0, 60.0, 64.0, 64.0, 64.0, 68.0, 68.0, 68.0, 66.0, 66.0, 66.0, 60.0, 60.0, 65.0, 65.0, 65.0, 65.0, 65.0, 65.0, 60.0, 60.0, 60.0, 54.0, 54.0, 49.0, 49.0, 49.0, 41.0, 41.0, 41.0, 30.0, 30.0, 30.0, 4.0, 4.0, 1.0, 1.0, 1.0, 0.0, 0.0
1.78522534908E12, 12.0, 23.0, 23.0, 23.0, 44.0, 44.0, 44.0, 54.0, 54.0, 54.0, 72.0, 72.0, 72.0, 72.0, 81.0, 81.0, 81.0, 85.0, 85.0, 85.0, 88.0, 88.0, 88.0, 77.0, 77.0, 77.0, 82.0, 82.0, 82.0, 76.0, 76.0, 76.0, 81.0, 81.0, 81.0, 71.0, 71.0, 71.0, 68.0, 68.0, 68.0, 73.0, 73.0, 73.0, 75.0, 75.0, 75.0, 74.0, 74.0, 74.0, 62.0, 62.0, 65.0, 65.0, 65.0, 69.0, 69.0, 69.0, 73.0, 73.0, 73.0, 68.0, 68.0, 68.0, 62.0, 62.0, 61.0, 61.0, 63.0, 63.0, 63.0, 62.0, 62.0, 49.0, 49.0, 49.0, 38.0, 38.0, 38.0, 32.0, 32.0, 32.0, 29.0, 29.0, 19.0, 19.0, 19.0, 9.0, 9.0, 9.0, 0.0, 0.0, 0.0, 0.0
1.785225351849E12, 11.0, 21.0, 21.0, 28.0, 28.0, 28.0, 33.0, 33.0, 33.0, 33.0, 34.0, 34.0, 34.0, 41.0, 41.0, 41.0, 41.0, 41.0, 41.0, 44.0, 44.0, 44.0, 44.0, 44.0, 44.0, 43.0, 43.0, 43.0, 43.0, 52.0, 52.0, 52.0, 51.0, 51.0, 51.0, 55.0, 55.0, 55.0, 45.0, 45.0, 45.0, 52.0, 52.0, 52.0, 50.0, 50.0, 50.0, 55.0, 55.0, 55.0, 42.0, 42.0, 42.0, 36.0, 36.0, 36.0, 37.0, 37.0, 37.0, 33.0, 33.0, 33.0, 33.0, 33.0, 33.0, 7.0, 7.0, 7.0, 9.0, 9.0
1.785225353497E12, 12.0, 12.0, 12.0, 12.0, 12.0, 12.0, 12.0, 12.0, 0.0, 0.0
1.78522535672E12, 16.0, 16.0, 41.0, 41.0, 41.0, 62.0, 62.0, 62.0, 87.0, 87.0, 87.0, 87.0, 100.0, 100.0, 100.0, 115.0, 115.0, 115.0, 115.0, 113.0, 113.0, 113.0, 110.0, 110.0, 110.0, 110.0, 109.0, 109.0, 109.0, 108.0, 108.0, 108.0, 103.0, 103.0, 103.0, 104.0, 104.0, 104.0, 97.0, 97.0, 97.0, 95.0, 95.0, 95.0, 83.0, 83.0, 83.0, 79.0, 79.0, 79.0, 63.0, 63.0, 63.0, 51.0, 51.0, 51.0, 31.0, 31.0, 31.0, 8.0, 8.0, 8.0, 3.0, 3.0, 3.0
1.785225357625E12, 13.0, 36.0, 36.0, 36.0, 53.0, 53.0, 53.0, 76.0, 76.0, 76.0, 86.0, 86.0, 86.0, 92.0, 92.0, 94.0, 94.0, 94.0, 94.0, 94.0, 94.0, 93.0, 93.0, 93.0, 99.0, 99.0, 99.0, 83.0, 83.0, 83.0, 83.0, 83.0, 86.0, 86.0, 86.0, 90.0, 90.0, 90.0, 85.0, 85.0, 61.0, 61.0, 61.0, 48.0, 48.0, 48.0, 40.0, 40.0, 22.0, 22.0, 22.0, 9.0, 9.0, 9.0, 0.0, 0.0, 0.0
1.785225358525E12, 16.0, 38.0, 38.0, 55.0, 55.0, 55.0, 70.0, 70.0, 74.0, 74.0, 74.0, 92.0, 92.0, 92.0, 95.0, 95.0, 98.0, 98.0, 98.0, 82.0, 82.0, 82.0, 75.0, 75.0, 68.0, 68.0, 68.0, 64.0, 64.0, 50.0, 50.0, 50.0, 21.0, 21.0, 21.0, 4.0, 4.0, 0.0, 0.0, 0.0, 0.0, 0.0
1.785225359575E12, 31.0, 50.0, 50.0, 74.0, 74.0, 64.0, 64.0, 64.0, 75.0, 75.0, 75.0, 89.0, 89.0, 102.0, 102.0, 102.0, 101.0, 101.0, 85.0, 85.0, 85.0, 81.0, 81.0, 81.0, 78.0, 78.0, 71.0, 71.0, 71.0, 58.0, 58.0, 13.0, 13.0, 13.0, 10.0, 10.0, 0.0, 0.0
1.785225360846E12, 34.0, 56.0, 56.0, 75.0, 75.0, 77.0, 77.0, 77.0, 78.0, 78.0, 86.0, 86.0, 86.0, 93.0, 93.0, 93.0, 93.0, 93.0, 80.0, 80.0, 80.0, 66.0, 66.0, 46.0, 46.0, 46.0, 38.0, 38.0, 17.0, 17.0, 17.0, 11.0, 11.0, 0.0, 0.0, 0.0, 0.0, 0.0
1.785225361823E12, 19.0, 41.0, 60.0, 60.0, 60.0, 62.0, 62.0, 73.0, 73.0, 73.0, 86.0, 86.0, 86.0, 91.0, 91.0, 91.0, 91.0, 91.0, 90.0, 90.0, 89.0, 89.0, 89.0, 81.0, 81.0, 61.0, 61.0, 61.0, 45.0, 45.0, 26.0, 26.0, 26.0, 9.0, 9.0, 9.0, 3.0, 3.0
1.785225362948E12, 19.0, 39.0, 58.0, 58.0, 58.0, 67.0, 67.0, 66.0, 66.0, 66.0, 76.0, 76.0, 76.0, 88.0, 88.0, 88.0, 88.0, 88.0, 82.0, 82.0, 66.0, 66.0, 66.0, 55.0, 55.0, 55.0, 46.0, 46.0, 34.0, 34.0, 34.0, 13.0, 13.0, 4.0, 4.0, 4.0, 0.0, 0.0
1.785225364374E12, 16.0, 32.0, 32.0, 53.0, 53.0, 53.0, 64.0, 64.0, 71.0, 71.0, 71.0, 77.0, 77.0, 77.0, 75.0, 75.0, 81.0, 81.0, 81.0, 82.0, 82.0, 82.0, 83.0, 83.0, 78.0, 78.0, 78.0, 66.0, 66.0, 59.0, 59.0, 59.0, 51.0, 51.0, 51.0, 46.0, 46.0, 33.0, 33.0, 33.0, 20.0, 20.0, 0.0, 0.0, 0.0, 0.0, 0.0, 0.0
1.785225365575E12, 23.0, 38.0, 38.0, 55.0, 55.0, 64.0, 64.0, 64.0, 73.0, 73.0, 73.0, 76.0, 76.0, 73.0, 73.0, 73.0, 81.0, 81.0, 81.0, 82.0, 82.0, 89.0, 89.0, 89.0, 82.0, 82.0, 75.0, 75.0, 75.0, 72.0, 72.0, 58.0, 58.0, 58.0, 44.0, 44.0, 44.0, 28.0, 28.0, 18.0, 18.0, 18.0, 10.0, 10.0, 2.0, 2.0, 2.0, 0.0, 0.0
1.785225366925E12, 25.0, 33.0, 51.0, 51.0, 51.0, 51.0, 51.0, 51.0, 69.0, 69.0, 74.0, 74.0, 74.0, 73.0, 73.0, 73.0, 79.0, 79.0, 86.0, 86.0, 86.0, 87.0, 87.0, 81.0, 81.0, 81.0, 74.0, 74.0, 69.0, 69.0, 69.0, 61.0, 61.0, 61.0, 43.0, 43.0, 27.0, 27.0, 27.0, 23.0, 23.0, 8.0, 8.0, 8.0, 6.0, 6.0
1.785225368051E12, 20.0, 40.0, 48.0, 48.0, 48.0, 57.0, 57.0, 57.0, 64.0, 64.0, 75.0, 75.0, 75.0, 73.0, 73.0, 73.0, 74.0, 74.0, 79.0, 79.0, 79.0, 82.0, 82.0, 82.0, 82.0, 82.0, 66.0, 66.0, 62.0, 62.0, 62.0, 56.0, 56.0, 56.0, 50.0, 50.0, 40.0, 40.0, 40.0, 22.0, 22.0, 4.0, 4.0, 4.0, 0.0, 0.0
1.785225369475E12, 24.0, 46.0, 46.0, 59.0, 59.0, 58.0, 58.0, 58.0, 63.0, 63.0, 63.0, 78.0, 78.0, 83.0, 83.0, 83.0, 81.0, 81.0, 81.0, 69.0, 69.0, 71.0, 71.0, 71.0, 73.0, 73.0, 78.0, 78.0, 78.0, 72.0, 72.0, 52.0, 52.0, 52.0, 42.0, 42.0, 31.0, 31.0, 31.0, 22.0, 22.0, 4.0, 4.0, 4.0, 0.0, 0.0, 0.0
1.785225370673E12, 26.0, 45.0, 45.0, 62.0, 62.0, 64.0, 64.0, 64.0, 71.0, 71.0, 71.0, 70.0, 70.0, 72.0, 72.0, 72.0, 74.0, 74.0, 74.0, 73.0, 73.0, 71.0, 71.0, 71.0, 70.0, 70.0, 68.0, 68.0, 68.0, 63.0, 63.0, 50.0, 50.0, 50.0, 34.0, 34.0, 34.0, 27.0, 27.0, 17.0, 17.0, 17.0, 16.0, 16.0, 0.0, 0.0
1.78522537435E12, 25.0, 25.0, 40.0, 40.0, 53.0, 53.0, 53.0, 62.0, 62.0, 62.0, 72.0, 72.0, 72.0, 72.0, 79.0, 79.0, 79.0, 81.0, 81.0, 81.0, 83.0, 83.0, 83.0, 82.0, 82.0, 82.0, 77.0, 77.0, 77.0, 81.0, 81.0, 81.0, 84.0, 84.0, 84.0, 87.0, 87.0, 87.0, 73.0, 73.0, 74.0, 74.0, 74.0, 71.0, 71.0, 71.0, 68.0, 68.0, 68.0, 49.0, 49.0, 49.0, 33.0, 33.0, 33.0, 30.0, 30.0, 13.0, 13.0, 13.0, 7.0, 7.0, 7.0
1.785225375926E12, 12.0, 25.0, 25.0, 25.0, 44.0, 44.0, 44.0, 57.0, 57.0, 57.0, 56.0, 56.0, 56.0, 57.0, 57.0, 57.0, 53.0, 53.0, 53.0, 56.0, 56.0, 56.0, 52.0, 52.0, 53.0, 53.0, 53.0, 54.0, 54.0, 54.0, 57.0, 57.0, 57.0, 59.0, 59.0, 59.0, 51.0, 51.0, 51.0, 58.0, 58.0, 61.0, 61.0, 63.0, 63.0, 63.0, 51.0, 51.0, 51.0, 42.0, 42.0, 42.0, 43.0, 43.0, 40.0, 40.0, 40.0, 26.0, 26.0, 26.0, 8.0, 8.0, 8.0, 0.0, 0.0, 0.0, 0.0
1.785225378252E12, 22.0, 45.0, 45.0, 60.0, 60.0, 60.0, 78.0, 78.0, 78.0, 88.0, 88.0, 88.0, 99.0, 99.0, 99.0, 95.0, 95.0, 95.0, 98.0, 98.0, 98.0, 92.0, 92.0, 92.0, 96.0, 96.0, 96.0, 80.0, 78.0, 78.0, 78.0, 83.0, 83.0, 83.0, 85.0, 85.0, 85.0, 79.0, 79.0, 77.0, 77.0, 77.0, 74.0, 74.0, 77.0, 77.0, 77.0, 70.0, 70.0, 70.0, 67.0, 67.0, 73.0, 73.0, 73.0, 77.0, 77.0, 78.0, 78.0, 78.0, 69.0, 69.0, 69.0, 57.0, 57.0, 63.0, 63.0, 63.0, 63.0, 63.0, 60.0, 60.0, 37.0, 37.0, 37.0, 18.0, 18.0, 18.0, 0.0, 0.0, 7.0, 7.0, 7.0, 0.0, 0.0
1.785225380202E12, 37.0, 60.0, 60.0, 81.0, 81.0, 79.0, 79.0, 79.0, 80.0, 80.0, 80.0, 88.0, 88.0, 98.0, 98.0, 104.0, 104.0, 104.0, 99.0, 99.0, 87.0, 87.0, 87.0, 84.0, 84.0, 89.0, 89.0, 89.0, 95.0, 95.0, 83.0, 83.0, 83.0, 78.0, 78.0, 72.0, 72.0, 72.0, 71.0, 71.0, 72.0, 72.0, 72.0, 66.0, 66.0, 61.0, 61.0, 61.0, 67.0, 67.0, 62.0, 62.0, 62.0, 67.0, 67.0, 48.0, 48.0, 42.0, 42.0, 42.0, 31.0, 31.0, 27.0, 27.0, 27.0, 6.0, 6.0, 5.0, 5.0, 0.0
1.785225382378E12, 22.0, 45.0, 45.0, 73.0, 73.0, 73.0, 70.0, 70.0, 77.0, 77.0, 80.0, 80.0, 80.0, 81.0, 81.0, 78.0, 78.0, 78.0, 64.0, 64.0, 61.0, 61.0, 61.0, 64.0, 64.0, 64.0, 68.0, 68.0, 69.0, 69.0, 69.0, 66.0, 66.0, 60.0, 60.0, 60.0, 63.0, 63.0, 62.0, 62.0, 62.0, 62.0, 62.0, 57.0, 57.0, 57.0, 64.0, 64.0, 58.0, 58.0, 58.0, 59.0, 59.0, 39.0, 39.0, 39.0, 26.0, 26.0, 20.0, 20.0, 20.0, 0.0, 0.0, 13.0, 13.0
1.785225384701E12, 28.0, 43.0, 43.0, 50.0, 50.0, 50.0, 63.0, 63.0, 63.0, 76.0, 76.0, 89.0, 89.0, 89.0, 91.0, 91.0, 91.0, 86.0, 86.0, 86.0, 84.0, 84.0, 75.0, 75.0, 75.0, 69.0, 69.0, 69.0, 72.0, 72.0, 69.0, 69.0, 69.0, 69.0, 69.0, 69.0, 59.0, 59.0, 52.0, 52.0, 52.0, 57.0, 57.0, 56.0, 56.0, 56.0, 56.0, 56.0, 41.0, 41.0, 41.0, 33.0, 33.0, 33.0, 32.0, 32.0, 36.0, 36.0, 36.0, 20.0, 20.0, 4.0, 4.0, 4.0, 0.0, 0.0, 0.0
1.785225386876E12, 16.0, 28.0, 28.0, 44.0, 44.0, 44.0, 52.0, 52.0, 52.0, 59.0, 59.0, 59.0, 55.0, 55.0, 55.0, 62.0, 62.0, 70.0, 70.0, 70.0, 75.0, 75.0, 75.0, 77.0, 77.0, 77.0, 69.0, 69.0, 66.0, 66.0, 66.0, 67.0, 67.0, 67.0, 63.0, 63.0, 63.0, 62.0, 62.0, 64.0, 64.0, 64.0, 61.0, 61.0, 61.0, 61.0, 61.0, 59.0, 59.0, 59.0, 51.0, 51.0, 50.0, 50.0, 50.0, 45.0, 45.0, 45.0, 38.0, 38.0, 26.0, 26.0, 26.0, 13.0, 13.0, 13.0, 5.0, 5.0, 0.0
1.785225389351E12, 17.0, 26.0, 26.0, 50.0, 50.0, 50.0, 61.0, 61.0, 61.0, 72.0, 72.0, 72.0, 65.0, 65.0, 65.0, 69.0, 69.0, 75.0, 75.0, 75.0, 81.0, 81.0, 81.0, 81.0, 81.0, 81.0, 75.0, 75.0, 75.0, 75.0, 76.0, 76.0, 70.0, 70.0, 70.0, 63.0, 63.0, 63.0, 67.0, 67.0, 67.0, 69.0, 69.0, 71.0, 71.0, 71.0, 58.0, 58.0, 58.0, 51.0, 51.0, 57.0, 57.0, 57.0, 51.0, 51.0, 54.0, 54.0, 54.0, 41.0, 41.0, 41.0, 35.0, 35.0, 29.0, 29.0, 29.0, 28.0, 28.0, 28.0, 20.0, 20.0, 8.0, 8.0, 8.0, 0.0, 0.0, 0.0, 0.0
1.785225392129E12, 11.0, 32.0, 32.0, 42.0, 42.0, 42.0, 41.0, 41.0, 41.0, 45.0, 45.0, 45.0, 55.0, 55.0, 55.0, 62.0, 62.0, 62.0, 58.0, 58.0, 58.0, 54.0, 54.0, 54.0, 65.0, 65.0, 65.0, 68.0, 68.0, 68.0, 67.0, 67.0, 67.0, 55.0, 55.0, 55.0, 56.0, 56.0, 56.0, 59.0, 59.0, 59.0, 60.0, 60.0, 60.0, 58.0, 58.0, 39.0, 39.0, 39.0, 40.0, 40.0, 40.0, 41.0, 41.0, 41.0, 42.0, 42.0, 42.0, 36.0, 36.0, 16.0, 16.0, 16.0, 16.0, 16.0, 13.0, 13.0, 13.0, 12.0, 12.0, 12.0, 0.0
1.78522539482E12, 29.0, 59.0, 59.0, 80.0, 80.0, 80.0, 106.0, 106.0, 106.0, 123.0, 123.0, 123.0, 139.0, 139.0, 139.0, 136.0, 136.0, 136.0, 127.0, 127.0, 127.0, 130.0, 130.0, 123.0, 123.0, 123.0, 127.0, 127.0, 127.0, 116.0, 116.0, 116.0, 111.0, 111.0, 115.0, 115.0, 115.0, 103.0, 103.0, 105.0, 105.0, 105.0, 90.0, 90.0, 90.0, 86.0, 86.0, 87.0, 87.0, 87.0, 91.0, 91.0, 93.0, 93.0, 93.0, 85.0, 85.0, 82.0, 82.0, 75.0, 75.0, 75.0, 77.0, 77.0, 74.0, 74.0, 74.0, 71.0, 71.0, 58.0, 58.0, 45.0, 45.0, 45.0, 31.0, 31.0, 30.0, 30.0, 30.0, 4.0, 4.0, 14.0, 14.0
1.785225396401E12, 34.0, 51.0, 76.0, 76.0, 76.0, 86.0, 86.0, 101.0, 101.0, 101.0, 116.0, 116.0, 112.0, 112.0, 112.0, 111.0, 111.0, 108.0, 108.0, 106.0, 106.0, 106.0, 100.0, 100.0, 89.0, 89.0, 89.0, 81.0, 81.0, 80.0, 80.0, 88.0, 88.0, 88.0, 86.0, 90.0, 90.0, 73.0, 73.0, 73.0, 69.0, 69.0, 62.0, 62.0, 74.0, 74.0, 74.0, 74.0, 74.0, 75.0, 75.0, 69.0, 69.0, 59.0, 59.0, 54.0, 54.0, 54.0, 52.0, 52.0, 54.0, 54.0, 43.0, 43.0, 27.0, 27.0, 2.0, 2.0, 2.0, 2.0, 2.0, 0.0
1.785225398128E12, 39.0, 71.0, 87.0, 87.0, 87.0, 87.0, 87.0, 87.0, 87.0, 101.0, 101.0, 118.0, 118.0, 117.0, 117.0, 117.0, 111.0, 111.0, 98.0, 98.0, 93.0, 93.0, 93.0, 92.0, 92.0, 98.0, 98.0, 99.0, 99.0, 91.0, 91.0, 91.0, 84.0, 84.0, 77.0, 77.0, 75.0, 75.0, 81.0, 81.0, 82.0, 82.0, 82.0, 81.0, 81.0, 68.0, 68.0, 60.0, 60.0, 53.0, 53.0, 55.0, 55.0, 54.0, 54.0, 54.0, 45.0, 45.0, 30.0, 30.0, 2.0, 2.0, 3.0, 3.0, 0.0
1.78522539985E12, 45.0, 69.0, 83.0, 83.0, 85.0, 85.0, 82.0, 82.0, 82.0, 86.0, 86.0, 100.0, 100.0, 106.0, 106.0, 106.0, 106.0, 106.0, 97.0, 97.0, 92.0, 92.0, 92.0, 86.0, 86.0, 87.0, 87.0, 82.0, 82.0, 81.0, 81.0, 75.0, 75.0, 75.0, 79.0, 79.0, 77.0, 77.0, 75.0, 75.0, 69.0, 69.0, 67.0, 67.0, 62.0, 62.0, 55.0, 55.0, 51.0, 51.0, 43.0, 43.0, 38.0, 38.0, 32.0, 32.0, 32.0, 2.0, 2.0, 2.0, 2.0
1.785225401724E12, 19.0, 34.0, 59.0, 59.0, 72.0, 72.0, 72.0, 88.0, 88.0, 97.0, 97.0, 101.0, 101.0, 101.0, 110.0, 110.0, 103.0, 103.0, 95.0, 95.0, 95.0, 97.0, 97.0, 91.0, 91.0, 95.0, 95.0, 95.0, 91.0, 91.0, 84.0, 84.0, 80.0, 80.0, 73.0, 73.0, 73.0, 70.0, 70.0, 73.0, 73.0, 71.0, 71.0, 74.0, 74.0, 65.0, 65.0, 65.0, 64.0, 64.0, 53.0, 53.0, 53.0, 53.0, 46.0, 46.0, 42.0, 42.0, 31.0, 31.0, 31.0, 14.0, 14.0, 0.0, 0.0, 0.0
1.785225403374E12, 33.0, 44.0, 64.0, 64.0, 69.0, 69.0, 69.0, 87.0, 87.0, 101.0, 101.0, 109.0, 109.0, 109.0, 108.0, 108.0, 104.0, 104.0, 105.0, 105.0, 105.0, 110.0, 110.0, 103.0, 103.0, 91.0, 91.0, 91.0, 88.0, 88.0, 84.0, 84.0, 87.0, 87.0, 87.0, 87.0, 83.0, 83.0, 83.0, 71.0, 71.0, 69.0, 69.0, 64.0, 64.0, 61.0, 61.0, 54.0, 54.0, 54.0, 48.0, 48.0, 37.0, 37.0, 35.0, 35.0, 22.0, 22.0, 16.0, 16.0, 0.0
1.785225405178E12, 22.0, 48.0, 67.0, 67.0, 67.0, 66.0, 66.0, 75.0, 75.0, 89.0, 89.0, 108.0, 108.0, 103.0, 103.0, 103.0, 93.0, 93.0, 87.0, 87.0, 87.0, 87.0, 87.0, 85.0, 85.0, 94.0, 94.0, 94.0, 94.0, 94.0, 88.0, 88.0, 73.0, 73.0, 70.0, 70.0, 71.0, 71.0, 71.0, 85.0, 85.0, 77.0, 77.0, 71.0, 71.0, 59.0, 59.0, 61.0, 61.0, 61.0, 56.0, 56.0, 45.0, 45.0, 36.0, 36.0, 30.0, 30.0, 12.0, 12.0, 12.0, 0.0, 0.0, 0.0
1.785225406979E12, 26.0, 45.0, 65.0, 65.0, 65.0, 83.0, 83.0, 87.0, 87.0, 87.0, 104.0, 104.0, 108.0, 108.0, 107.0, 107.0, 107.0, 104.0, 104.0, 99.0, 99.0, 99.0, 99.0, 99.0, 97.0, 97.0, 92.0, 92.0, 87.0, 87.0, 84.0, 84.0, 83.0, 83.0, 77.0, 77.0, 75.0, 75.0, 75.0, 71.0, 71.0, 63.0, 63.0, 59.0, 59.0, 54.0, 54.0, 55.0, 55.0, 55.0, 41.0, 41.0, 29.0, 29.0, 23.0, 23.0, 0.0, 0.0, 0.0, 5.0, 5.0
1.785225408851E12, 38.0, 52.0, 68.0, 68.0, 72.0, 72.0, 72.0, 79.0, 79.0, 93.0, 93.0, 93.0, 87.0, 87.0, 88.0, 88.0, 89.0, 89.0, 89.0, 95.0, 95.0, 89.0, 89.0, 89.0, 76.0, 76.0, 72.0, 72.0, 74.0, 74.0, 74.0, 72.0, 72.0, 66.0, 66.0, 63.0, 63.0, 63.0, 66.0, 66.0, 71.0, 71.0, 68.0, 68.0, 68.0, 68.0, 68.0, 55.0, 55.0, 47.0, 38.0, 38.0, 34.0, 34.0, 34.0, 33.0, 33.0, 2.0, 2.0, 4.0, 4.0, 0.0
1.785225410726E12, 27.0, 48.0, 71.0, 71.0, 71.0, 81.0, 81.0, 85.0, 85.0, 85.0, 94.0, 94.0, 85.0, 85.0, 86.0, 86.0, 86.0, 88.0, 88.0, 97.0, 97.0, 97.0, 89.0, 89.0, 82.0, 82.0, 78.0, 78.0, 78.0, 82.0, 82.0, 80.0, 80.0, 76.0, 76.0, 76.0, 73.0, 73.0, 80.0, 80.0, 78.0, 78.0, 78.0, 81.0, 81.0, 71.0, 71.0, 62.0, 62.0, 52.0, 52.0, 52.0, 52.0, 52.0, 47.0, 47.0, 41.0, 41.0, 41.0, 7.0, 7.0, 0.0, 0.0, 0.0, 0.0
1.785225412526E12, 35.0, 59.0, 70.0, 70.0, 70.0, 66.0, 66.0, 67.0, 67.0, 67.0, 83.0, 83.0, 88.0, 88.0, 88.0, 85.0, 85.0, 73.0, 73.0, 73.0, 73.0, 73.0, 72.0, 72.0, 72.0, 80.0, 80.0, 80.0, 80.0, 74.0, 74.0, 74.0, 69.0, 69.0, 71.0, 71.0, 75.0, 75.0, 75.0, 72.0, 72.0, 68.0, 68.0, 62.0, 62.0, 62.0, 72.0, 72.0, 75.0, 75.0, 73.0, 73.0, 57.0, 57.0, 57.0, 44.0, 44.0, 39.0, 39.0, 40.0, 40.0, 25.0, 25.0, 25.0, 8.0, 8.0, 0.0, 0.0
1.78522541425E12, 40.0, 68.0, 80.0, 80.0, 80.0, 79.0, 79.0, 69.0, 69.0, 69.0, 86.0, 86.0, 93.0, 93.0, 103.0, 103.0, 87.0, 87.0, 82.0, 82.0, 82.0, 81.0, 81.0, 85.0, 85.0, 82.0, 82.0, 82.0, 79.0, 79.0, 72.0, 72.0, 75.0, 75.0, 75.0, 80.0, 80.0, 78.0, 78.0, 71.0, 71.0, 71.0, 57.0, 57.0, 56.0, 56.0, 54.0, 54.0, 50.0, 50.0, 50.0, 40.0, 40.0, 27.0, 27.0, 0.0, 0.0, 4.0, 4.0, 4.0, 0.0
1.785225416122E12, 33.0, 47.0, 62.0, 62.0, 62.0, 60.0, 60.0, 60.0, 68.0, 68.0, 72.0, 72.0, 72.0, 85.0, 85.0, 86.0, 86.0, 88.0, 88.0, 88.0, 78.0, 78.0, 76.0, 76.0, 76.0, 81.0, 81.0, 84.0, 84.0, 86.0, 86.0, 86.0, 80.0, 80.0, 69.0, 69.0, 69.0, 76.0, 76.0, 73.0, 73.0, 85.0, 85.0, 80.0, 80.0, 80.0, 72.0, 66.0, 66.0, 56.0, 56.0, 57.0, 57.0, 57.0, 45.0, 45.0, 31.0, 31.0, 26.0, 26.0, 26.0, 17.0, 17.0, 5.0, 5.0, 0.0, 0.0
1.785225417926E12, 21.0, 52.0, 75.0, 75.0, 75.0, 83.0, 83.0, 78.0, 78.0, 78.0, 88.0, 88.0, 101.0, 101.0, 101.0, 95.0, 95.0, 86.0, 86.0, 86.0, 91.0, 91.0, 93.0, 93.0, 96.0, 96.0, 96.0, 89.0, 89.0, 83.0, 83.0, 83.0, 83.0, 83.0, 83.0, 83.0, 87.0, 87.0, 79.0, 79.0, 79.0, 66.0, 66.0, 61.0, 61.0, 60.0, 60.0, 60.0, 70.0, 70.0, 59.0, 59.0, 48.0, 48.0, 35.0, 35.0, 35.0, 31.0, 31.0, 32.0, 32.0, 0.0, 6.0, 6.0, 6.0, 0.0
1.785225420099E12, 21.0, 43.0, 54.0, 54.0, 54.0, 76.0, 76.0, 76.0, 75.0, 75.0, 89.0, 89.0, 89.0, 94.0, 94.0, 100.0, 100.0, 100.0, 97.0, 97.0, 103.0, 103.0, 95.0, 95.0, 95.0, 88.0, 88.0, 86.0, 86.0, 86.0, 87.0, 87.0, 87.0, 87.0, 82.0, 82.0, 82.0, 77.0, 77.0, 82.0, 82.0, 80.0, 80.0, 80.0, 84.0, 84.0, 71.0, 71.0, 67.0, 67.0, 67.0, 58.0, 58.0, 66.0, 66.0, 67.0, 67.0, 64.0, 64.0, 64.0, 46.0, 46.0, 37.0, 37.0, 31.0, 34.0, 34.0, 34.0, 8.0, 8.0, 6.0, 6.0, 0.0
1.785225421901E12, 41.0, 55.0, 62.0, 62.0, 62.0, 58.0, 58.0, 68.0, 68.0, 68.0, 77.0, 77.0, 77.0, 80.0, 80.0, 70.0, 70.0, 70.0, 70.0, 70.0, 74.0, 74.0, 68.0, 68.0, 68.0, 65.0, 65.0, 69.0, 69.0, 69.0, 71.0, 71.0, 71.0, 71.0, 71.0, 64.0, 64.0, 55.0, 55.0, 53.0, 53.0, 53.0, 47.0, 47.0, 46.0, 46.0, 34.0, 34.0, 34.0, 2.0, 2.0, 3.0, 3.0, 3.0, 0.0
1.785225423999E12, 21.0, 23.0, 44.0, 44.0, 44.0, 44.0, 44.0, 44.0, 56.0, 56.0, 52.0, 52.0, 52.0, 60.0, 60.0, 60.0, 66.0, 66.0, 66.0, 66.0, 66.0, 64.0, 64.0, 64.0, 62.0, 62.0, 68.0, 68.0, 68.0, 68.0, 68.0, 67.0, 67.0, 67.0, 59.0, 59.0, 53.0, 53.0, 53.0, 57.0, 57.0, 57.0, 50.0, 50.0, 52.0, 52.0, 52.0, 38.0, 38.0, 28.0, 28.0, 28.0, 18.0, 18.0, 20.0, 20.0, 20.0, 17.0, 17.0, 7.0, 7.0, 7.0
1.785225426028E12, 13.0, 33.0, 33.0, 30.0, 30.0, 30.0, 44.0, 44.0, 44.0, 39.0, 39.0, 39.0, 51.0, 51.0, 51.0, 41.0, 41.0, 51.0, 51.0, 51.0, 52.0, 52.0, 52.0, 56.0, 56.0, 56.0, 42.0, 42.0, 42.0, 43.0, 43.0, 45.0, 45.0, 45.0, 47.0, 47.0, 47.0, 37.0, 37.0, 37.0, 35.0, 35.0, 31.0, 31.0, 31.0, 34.0, 34.0, 34.0, 14.0, 14.0, 14.0, 11.0, 11.0, 0.0, 0.0
1.785225428051E12, 28.0, 71.0, 71.0, 105.0, 105.0, 105.0, 153.0, 153.0, 153.0, 169.0, 169.0, 169.0, 185.0, 185.0, 192.0, 192.0, 192.0, 171.0, 171.0, 171.0, 163.0, 163.0, 145.0, 145.0, 145.0, 145.0, 140.0, 140.0, 140.0, 141.0, 141.0, 132.0, 132.0, 120.0, 120.0, 120.0, 115.0, 115.0, 112.0, 112.0, 118.0, 118.0, 118.0, 117.0, 117.0, 103.0, 103.0, 99.0, 99.0, 99.0, 93.0, 93.0, 92.0, 92.0, 85.0, 85.0, 77.0, 77.0, 77.0, 70.0, 70.0, 66.0, 66.0, 64.0, 64.0, 59.0, 59.0, 44.0, 44.0, 44.0, 30.0, 30.0, 16.0, 16.0, 23.0, 23.0, 0.0, 0.0, 0.0, 15.0, 15.0
1.785225429925E12, 45.0, 77.0, 94.0, 94.0, 100.0, 100.0, 116.0, 116.0, 116.0, 137.0, 137.0, 146.0, 146.0, 146.0, 148.0, 148.0, 133.0, 133.0, 129.0, 129.0, 129.0, 129.0, 129.0, 131.0, 131.0, 124.0, 124.0, 120.0, 120.0, 113.0, 117.0, 117.0, 117.0, 114.0, 114.0, 111.0, 111.0, 94.0, 94.0, 93.0, 93.0, 78.0, 78.0, 79.0, 79.0, 80.0, 80.0, 81.0, 81.0, 74.0, 74.0, 74.0, 61.0, 61.0, 53.0, 53.0, 48.0, 48.0, 45.0, 45.0, 47.0, 47.0, 40.0, 40.0, 14.0, 14.0, 0.0, 0.0, 0.0
1.785225431878E12, 48.0, 70.0, 93.0, 93.0, 94.0, 94.0, 94.0, 111.0, 111.0, 136.0, 136.0, 143.0, 143.0, 125.0, 125.0, 125.0, 120.0, 120.0, 113.0, 113.0, 119.0, 119.0, 114.0, 114.0, 109.0, 109.0, 109.0, 102.0, 102.0, 98.0, 98.0, 97.0, 97.0, 92.0, 92.0, 93.0, 93.0, 82.0, 82.0, 75.0, 75.0, 74.0, 74.0, 76.0, 76.0, 73.0, 73.0, 64.0, 64.0, 54.0, 54.0, 49.0, 49.0, 47.0, 47.0, 53.0, 53.0, 48.0, 48.0, 36.0, 36.0, 13.0, 13.0, 7.0, 7.0, 0.0
1.785225433826E12, 42.0, 80.0, 84.0, 84.0, 84.0, 89.0, 89.0, 90.0, 90.0, 116.0, 116.0, 130.0, 130.0, 130.0, 129.0, 129.0, 112.0, 112.0, 95.0, 95.0, 99.0, 99.0, 99.0, 100.0, 100.0, 110.0, 110.0, 106.0, 106.0, 93.0, 93.0, 90.0, 90.0, 90.0, 87.0, 87.0, 88.0, 88.0, 77.0, 77.0, 76.0, 76.0, 69.0, 69.0, 68.0, 68.0, 69.0, 70.0, 70.0, 64.0, 64.0, 56.0, 56.0, 56.0, 41.0, 41.0, 34.0, 34.0, 31.0, 31.0, 21.0, 21.0, 12.0, 12.0, 0.0
1.785225435925E12, 47.0, 80.0, 89.0, 89.0, 89.0, 88.0, 88.0, 91.0, 91.0, 110.0, 110.0, 110.0, 115.0, 115.0, 107.0, 107.0, 94.0, 94.0, 94.0, 99.0, 99.0, 98.0, 98.0, 100.0, 100.0, 93.0, 93.0, 93.0, 98.0, 98.0, 87.0, 87.0, 94.0, 94.0, 87.0, 87.0, 93.0, 93.0, 93.0, 84.0, 84.0, 79.0, 79.0, 73.0, 73.0, 67.0, 67.0, 76.0, 69.0, 69.0, 69.0, 69.0, 52.0, 52.0, 52.0, 46.0, 46.0, 36.0, 36.0, 35.0, 35.0, 38.0, 38.0, 6.0, 6.0, 1.0, 1.0, 0.0, 0.0
1.785225438023E12, 26.0, 57.0, 69.0, 69.0, 69.0, 75.0, 75.0, 81.0, 81.0, 98.0, 98.0, 98.0, 123.0, 123.0, 116.0, 116.0, 101.0, 101.0, 101.0, 86.0, 86.0, 86.0, 86.0, 91.0, 91.0, 91.0, 98.0, 98.0, 100.0, 100.0, 91.0, 91.0, 91.0, 81.0, 81.0, 76.0, 76.0, 76.0, 85.0, 85.0, 76.0, 76.0, 76.0, 71.0, 71.0, 59.0, 59.0, 66.0, 66.0, 61.0, 61.0, 63.0, 63.0, 52.0, 52.0, 52.0, 48.0, 48.0, 34.0, 34.0, 27.0, 27.0, 30.0, 30.0, 12.0, 12.0, 2.0, 2.0, 2.0, 0.0
