1.785225153416E12, 0.0, 0.0, 0.0, 255.0, 0.0, 0.0, 0.0, 0.0, 128.0
1.785225153925E12, 0.0, 0.0, 0.0, 255.0, 0.0, 0.0, 0.0, 0.0, 128.0
1.78522515445E12, 0.0, 0.0, 0.0, 255.0, 0.0, 0.0, 0.0, 0.0, 128.0
1.7852251549E12, 0.0, 0.0, 0.0, 255.0, 0.0, 0.0, 0.0, 0.0, 128.0
1.785225155425E12, 0.0, 0.0, 0.0, 255.0, 0.0, 0.0, 0.0, 0.0, 128.0
1.78522515595E12, 0.0, 0.0, 0.0, 255.0, 0.0, 0.0, 0.0, 0.0, 128.0
1.785225156474E12, 0.0, 0.0, 0.0, 255.0, 0.0, 0.0, 0.0, 0.0, 128.0
1.785225156925E12, 0.0, 0.0, 0.0, 255.0, 0.0, 0.0, 0.0, 0.0, 128.0
1.785225157449E12, 0.0, 0.0, 0.0, 255.0, 0.0, 0.0, 0.0, 0.0, 128.0
1.785225157902E12, 0.0, 0.0, 0.0, 255.0, 0.0, 0.0, 0.0, 0.0, 128.0
1.785225158425E12, 0.0, 0.0, 0.0, 255.0, 0.0, 0.0, 0.0, 0.0, 128.0
1.785225158949E12, 0.0, 0.0, 0.0, 255.0, 0.0, 0.0, 0.0, 0.0, 128.0
1.785225159401E12, 0.0, 0.0, 0.0, 255.0, 0.0, 0.0, 0.0, 0.0, 128.0
1.785225159925E12, 0.0, 0.0, 0.0, 255.0, 0.0, 0.0, 0.0, 0.0, 128.0
1.785225160449E12, 0.0, 0.0, 0.0, 255.0, 0.0, 0.0, 0.0, 0.0, 128.0
1.785225160901E12, 0.0, 0.0, 0.0, 255.0, 0.0, 0.0, 0.0, 0.0, 128.0
1.785225161424E12, 0.0, 0.0, 0.0, 255.0, 0.0, 0.0, 0.0, 0.0, 128.0
1.785225161951E12, 0.0, 0.0, 0.0, 255.0, 0.0, 0.0, 0.0, 0.0, 128.0
1.785225162475E12, 0.0, 0.0, 0.0, 255.0, 0.0, 0.0, 0.0, 0.0, 128.0
1.785225162925E12, 0.0, 0.0, 0.0, 255.0, 0.0, 0.0, 0.0, 0.0, 128.0
1.785225163449E12, 0.0, 0.0, 0.0, 255.0, 0.0, 0.0, 0.0, 0.0, 128.0
1.785225163902E12, 0.0, 0.0, 0.0, 255.0, 0.0, 0.0, 0.0, 0.0, 128.0
1.785225164425E12, 0.0, 0.0, 0.0, 255.0, 0.0, 0.0, 0.0, 0.0, 128.0
1.785225164948E12, 0.0, 0.0, 0.0, 255.0, 0.0, 0.0, 0.0, 0.0, 128.0
1.7852251654E12, 0.0, 0.0, 0.0, 255.0, 0.0, 0.0, 0.0, 0.0, 128.0
1.785225165925E12, 0.0, 0.0, 0.0, 255.0, 0.0, 0.0, 0.0, 0.0, 128.0
1.785225166449E12, 0.0, 0.0, 0.0, 255.0, 0.0, 0.0, 0.0, 0.0, 128.0
1.7852251669E12, 0.0, 0.0, 0.0, 255.0, 0.0, 0.0, 0.0, 0.0, 128.0
1.785225167425E12, 0.0, 0.0, 0.0, 255.0, 0.0, 0.0, 0.0, 0.0, 128.0
1.785225167948E12, 0.0, 0.0, 0.0, 255.0, 0.0, 0.0, 0.0, 0.0, 128.0
1.785225168399E12, 0.0, 0.0, 0.0, 255.0, 0.0, 0.0, 0.0, 0.0, 128.0
1.785225168925E12, 0.0, 0.0, 0.0, 255.0, 0.0, 0.0, 0.0, 0.0, 128.0
1.785225169449E12, 0.0, 0.0, 0.0, 255.0, 0.0, 0.0, 0.0, 0.0, 128.0
1.7852251699E12, 0.0, 0.0, 0.0, 255.0, 0.0, 0.0, 0.0, 0.0, 128.0
1.785225170425E12, 0.0, 0.0, 0.0, 255.0, 0.0, 0.0, 0.0, 0.0, 128.0
1.785225170949E12, 0.0, 0.0, 0.0, 255.0, 0.0, 0.0, 0.0, 0.0, 128.0
1.7852251714E12, 0.0, 0.0, 0.0, 255.0, 0.0, 0.0, 0.0, 0.0, 128.0
1.785225171925E12, 0.48, 0.0, 0.0, 255.0, 0.0, 0.0, 0.0, 0.0, 128.0
1.785225172449E12, 0.9400000000000001, 1.675, 0.0, 255.0, 298.96, 0.0, 0.0, 0.0, 128.0
1.7852251729E12, 1.44, 1.675, 0.0, 255.0, 298.96, 0.0, 0.0, 0.0, 128.0
1.785225173498E12, 1.9100000000000001, 1.675, 0.0, 255.0, 298.96, 0.0, 0.0, 0.0, 128.0
1.785225173951E12, 2.45, 1.675, 0.0, 255.0, 298.96, 0.0, 0.0, 0.0, 128.0
1.7852251744E12, 2.95, 1.949, 29.0, 255.0, 257.03000000000003, 268.01, 0.0, 0.0, 128.0
1.785225174925E12, 3.47, 1.949, 29.0, 255.0, 257.03000000000003, 268.01, 0.0, 0.0, 128.0
1.785225175449E12, 3.94, 1.949, 29.0, 255.0, 257.03000000000003, 268.01, 0.0, 0.0, 128.0
1.785225175901E12, 4.46, 1.949, 29.0, 255.0, 257.03000000000003, 268.01, 0.0, 0.0, 128.0
1.785225176436E12, 4.96, 2.343, 33.0, 255.0, 213.87, 244.08, 0.0, 0.0, 128.0
1.78522517695E12, 5.45, 2.343, 33.0, 255.0, 213.87, 244.08, 0.0, 0.0, 128.0
1.7852251774E12, 5.96, 2.343, 33.0, 255.0, 213.87, 244.08, 0.0, 0.0, 128.0
1.785225177925E12, 6.47, 2.343, 33.0, 255.0, 213.87, 244.08, 0.0, 0.0, 128.0
1.785225178449E12, 6.96, 2.716, 33.0, 255.0, 184.53, 223.79, 0.0, 0.0, 128.0
1.7852251789E12, 7.45, 2.716, 33.0, 255.0, 184.53, 223.79, 0.0, 0.0, 128.0
1.785225179425E12, 7.97, 2.716, 33.0, 255.0, 184.53, 223.79, 0.0, 0.0, 128.0
1.78522517995E12, 8.46, 2.716, 33.0, 255.0, 184.53, 223.79, 0.0, 0.0, 128.0
1.7852251804E12, 8.97, 2.856, 32.0, 255.0, 175.55, 210.97, 0.0, 0.0, 128.0
1.785225180924E12, 9.46, 2.856, 32.0, 255.0, 175.55, 210.97, 0.0, 0.0, 128.0
1.78522518145E12, 9.96, 2.856, 32.0, 255.0, 175.55, 210.97, 0.0, 0.0, 128.0
1.7852251819E12, 10.46, 2.914, 31.0, 255.0, 172.03, 202.27, 0.0, 0.0, 128.0
1.785225182499E12, 10.96, 2.914, 31.0, 255.0, 172.03, 202.27, 0.0, 0.0, 128.0
1.785225182949E12, 11.46, 2.914, 31.0, 255.0, 172.03, 202.27, 0.0, 0.0, 128.0
1.785225183399E12, 11.97, 2.914, 31.0, 255.0, 172.03, 202.27, 0.0, 0.0, 128.0
1.785225183937E12, 12.47, 2.979, 33.0, 255.0, 168.33, 196.24, 0.0, 0.0, 128.0
1.785225184449E12, 12.950000000000001, 2.979, 33.0, 255.0, 168.33, 196.24, 0.0, 0.0, 128.0
1.7852251849E12, 13.46, 2.979, 33.0, 255.0, 168.33, 196.24, 0.0, 0.0, 128.0
1.785225185424E12, 13.96, 2.979, 33.0, 255.0, 168.33, 196.24, 0.0, 0.0, 128.0
1.785225185949E12, 14.450000000000001, 2.961, 32.0, 255.0, 169.34, 192.12, 0.0, 0.0, 128.0
1.7852251864E12, 14.96, 2.961, 32.0, 255.0, 169.34, 192.12, 0.0, 0.0, 128.0
1.785225187E12, 15.450000000000001, 2.961, 32.0, 255.0, 169.34, 192.12, 0.0, 0.0, 128.0
1.785225187449E12, 15.96, 2.961, 32.0, 255.0, 169.34, 192.12, 0.0, 0.0, 128.0
1.7852251879E12, 16.46, 3.0, 31.0, 255.0, 167.15, 188.68, 0.0, 0.0, 128.0
1.785225188424E12, 16.97, 3.0, 31.0, 255.0, 167.15, 188.68, 0.0, 0.0, 128.0
1.785225188949E12, 17.45, 3.0, 31.0, 255.0, 167.15, 188.68, 0.0, 0.0, 128.0
1.7852251894E12, 17.96, 3.033, 32.0, 255.0, 165.33, 185.9, 0.0, 0.0, 128.0
1.785225189924E12, 18.47, 3.033, 32.0, 255.0, 165.33, 185.9, 0.0, 0.0, 128.0
1.785225190449E12, 18.96, 3.033, 32.0, 255.0, 165.33, 185.9, 0.0, 0.0, 128.0
1.7852251909E12, 19.46, 3.033, 32.0, 255.0, 165.33, 185.9, 0.0, 0.0, 128.0
1.785225191573E12, 19.96, 3.06, 32.0, 255.0, 163.84, 183.48, 0.0, 0.0, 128.0
1.785225191949E12, 20.46, 3.06, 32.0, 255.0, 163.84, 183.48, 0.0, 0.0, 128.0
1.785225192474E12, 20.95, 3.06, 32.0, 255.0, 163.84, 183.48, 0.0, 0.0, 128.0
1.785225192925E12, 21.46, 3.06, 32.0, 255.0, 163.84, 183.48, 0.0, 0.0, 128.0
1.785225193449E12, 21.96, 3.055, 30.0, 255.0, 164.14000000000001, 181.44, 0.0, 0.0, 128.0
1.785225193899E12, 22.46, 3.055, 30.0, 255.0, 164.14000000000001, 181.44, 0.0, 0.0, 128.0
1.785225194424E12, 22.95, 3.055, 30.0, 255.0, 164.14000000000001, 181.44, 0.0, 0.0, 128.0
1.785225195024E12, 23.45, 3.055, 30.0, 255.0, 164.14000000000001, 181.44, 0.0, 0.0, 128.0
1.785225195399E12, 23.97, 3.048, 30.0, 255.0, 164.53, 179.86, 0.0, 0.0, 128.0
1.785225196E12, 24.47, 3.048, 30.0, 255.0, 164.53, 179.86, 0.0, 0.0, 128.0
1.785225196449E12, 24.97, 3.048, 30.0, 255.0, 164.53, 179.86, 0.0, 0.0, 128.0
1.785225196899E12, 25.47, 3.048, 30.0, 255.0, 164.53, 179.86, 0.0, 0.0, 128.0
1.785225197437E12, 25.97, 3.134, 32.0, 255.0, 160.01, 178.20000000000002, 0.0, 0.0, 128.0
1.78522519795E12, 26.47, 3.134, 32.0, 255.0, 160.01, 178.20000000000002, 0.0, 0.0, 128.0
1.785225198398E12, 26.97, 3.134, 32.0, 255.0, 160.01, 178.20000000000002, 0.0, 0.0, 128.0
1.785225198924E12, 27.47, 3.134, 32.0, 255.0, 160.01, 178.20000000000002, 0.0, 0.0, 128.0
1.785225199449E12, 27.96, 3.2, 31.0, 255.0, 156.73, 176.49, 0.0, 0.0, 128.0
1.785225199899E12, 28.47, 3.2, 31.0, 255.0, 156.73, 176.49, 0.0, 0.0, 128.0
1.785225200499E12, 28.96, 3.2, 31.0, 255.0, 156.73, 176.49, 0.0, 0.0, 128.0
1.785225200949E12, 29.46, 3.2, 31.0, 255.0, 156.73, 176.49, 0.0, 0.0, 128.0
1.785225201399E12, 29.97, 3.248, 31.0, 255.0, 154.41, 174.81, 0.0, 0.0, 128.0
1.785225201924E12, 30.47, 3.248, 31.0, 255.0, 154.41, 174.81, 0.0, 0.0, 128.0
1.785225202449E12, 30.96, 3.248, 31.0, 255.0, 154.41, 174.81, 0.0, 0.0, 128.0
1.785225202898E12, 31.46, 3.248, 32.0, 255.0, 154.41, 173.42000000000002, 0.0, 0.0, 128.0
1.785225203423E12, 31.96, 3.248, 32.0, 255.0, 154.41, 173.42000000000002, 0.0, 0.0, 128.0
1.785225203948E12, 32.46, 3.248, 32.0, 255.0, 154.41, 173.42000000000002, 0.0, 0.0, 128.0
1.785225204399E12, 32.95, 3.248, 32.0, 255.0, 154.41, 173.42000000000002, 0.0, 0.0, 128.0
1.785225204923E12, 33.47, 3.239, 31.0, 255.0, 154.84, 172.18, 0.0, 0.0, 128.0
1.78522520545E12, 33.96, 3.239, 31.0, 255.0, 154.84, 172.18, 0.0, 0.0, 128.0
1.785225205898E12, 34.47, 3.239, 31.0, 255.0, 154.84, 172.18, 0.0, 0.0, 128.0
1.785225206424E12, 34.95, 3.239, 31.0, 255.0, 154.84, 172.18, 0.0, 0.0, 128.0
1.785225206948E12, 35.46, 3.239, 31.0, 255.0, 154.84, 172.18, 0.0, 0.0, 128.0
1.7852252074E12, 35.97, 2.864, 177.0, 255.0, 175.06, 171.61, 0.0, 0.0, 128.0
1.785225207923E12, 36.44, 2.864, 177.0, 255.0, 175.06, 171.61, 0.0, 0.0, 128.0
1.785225208449E12, 36.97, 2.864, 177.0, 255.0, 175.06, 171.61, 0.0, 0.0, 128.0
1.785225208898E12, 37.45, 2.864, 177.0, 255.0, 175.06, 171.61, 0.0, 0.0, 128.0
1.785225209424E12, 37.96, 2.864, 177.0, 255.0, 175.06, 171.61, 0.0, 0.0, 128.0
1.785225209949E12, 38.46, 2.864, 177.0, 255.0, 175.06, 171.61, 0.0, 0.0, 128.0
1.785225210398E12, 38.94, 2.864, 177.0, 255.0, 175.06, 171.61, 0.0, 0.0, 128.0
1.785225210924E12, 39.45, 2.864, 177.0, 255.0, 175.06, 171.61, 0.0, 0.0, 128.0
1.785225211452E12, 39.93, 2.864, 177.0, 255.0, 175.06, 171.61, 0.0, 0.0, 128.0
1.785225211898E12, 40.43, 2.864, 177.0, 255.0, 175.06, 171.61, 0.0, 0.0, 128.0
1.785225212424E12, 40.95, 2.864, 177.0, 255.0, 175.06, 171.61, 0.0, 0.0, 128.0
1.785225212948E12, 41.45, 2.864, 177.0, 255.0, 175.06, 171.61, 0.0, 0.0, 128.0
1.785225213399E12, 41.86, 2.864, 177.0, 255.0, 175.06, 177.05, 0.0, 0.0, 128.0
1.785225213923E12, 41.86, 2.864, 177.0, 255.0, 175.06, 177.05, 0.0, 0.0, 128.0
1.785225214449E12, 41.86, 2.864, 177.0, 255.0, 175.06, 177.05, 0.0, 0.0, 128.0
1.785225214898E12, 41.86, 2.864, 177.0, 255.0, 175.06, 177.05, 0.0, 0.0, 128.0
1.785225215499E12, 41.86, 2.864, 177.0, 255.0, 175.06, 177.05, 0.0, 0.0, 128.0
1.785225215948E12, 41.86, 2.864, 177.0, 255.0, 175.06, 177.05, 0.0, 0.0, 128.0
1.785225216399E12, 41.86, 2.864, 177.0, 255.0, 175.06, 177.05, 0.0, 0.0, 128.0
1.785225216923E12, 41.86, 2.864, 177.0, 255.0, 175.06, 177.05, 0.0, 0.0, 128.0
1.785225217448E12, 41.86, 2.864, 177.0, 255.0, 175.06, 177.05, 0.0, 0.0, 128.0
1.785225217899E12, 41.86, 2.864, 177.0, 255.0, 175.06, 177.05, 0.0, 0.0, 128.0
1.785225218423E12, 41.86, 2.864, 177.0, 255.0, 175.06, 177.05, 0.0, 0.0, 128.0
1.785225219024E12, 41.86, 2.864, 177.0, 255.0, 175.06, 177.05, 0.0, 0.0, 128.0
1.785225219398E12, 41.86, 2.864, 177.0, 255.0, 175.06, 177.05, 0.0, 0.0, 128.0
1.785225220073E12, 41.86, 2.864, 177.0, 255.0, 175.06, 177.05, 0.0, 0.0, 128.0
1.785225220448E12, 41.86, 2.864, 177.0, 255.0, 175.06, 177.05, 0.0, 0.0, 128.0
1.785225220899E12, 41.86, 2.864, 177.0, 255.0, 175.06, 177.05, 0.0, 0.0, 128.0
1.785225221423E12, 41.86, 2.864, 177.0, 255.0, 175.06, 177.05, 0.0, 0.0, 128.0
1.785225221947E12, 41.86, 2.864, 177.0, 255.0, 175.06, 177.05, 0.0, 0.0, 128.0
1.785225222397E12, 41.86, 2.864, 177.0, 255.0, 175.06, 177.05, 0.0, 0.0, 128.0
1.785225222923E12, 41.86, 2.864, 177.0, 255.0, 175.06, 177.05, 0.0, 0.0, 128.0
1.785225223449E12, 41.86, 2.864, 177.0, 255.0, 175.06, 177.05, 0.0, 0.0, 128.0
1.785225223899E12, 41.86, 2.864, 177.0, 255.0, 175.06, 177.05, 0.0, 0.0, 128.0
1.7852252245E12, 41.86, 2.864, 177.0, 255.0, 175.06, 177.05, 0.0, 0.0, 128.0
1.785225224948E12, 41.86, 2.864, 177.0, 255.0, 175.06, 177.05, 0.0, 0.0, 128.0
1.785225225472E12, 41.86, 2.864, 177.0, 255.0, 175.06, 177.05, 0.0, 0.0, 128.0
1.785225225923E12, 41.86, 2.864, 177.0, 255.0, 175.06, 177.05, 0.0, 0.0, 128.0
1.785225226448E12, 41.86, 2.864, 177.0, 255.0, 175.06, 177.05, 0.0, 0.0, 128.0
1.785225226898E12, 41.86, 2.864, 177.0, 255.0, 175.06, 177.05, 0.0, 0.0, 128.0
1.785225227424E12, 41.86, 2.864, 177.0, 255.0, 175.06, 177.05, 0.0, 0.0, 128.0
1.785225228023E12, 41.86, 2.864, 177.0, 255.0, 175.06, 177.05, 0.0, 0.0, 128.0
1.785225228398E12, 41.86, 2.864, 177.0, 255.0, 175.06, 177.05, 0.0, 0.0, 128.0
1.785225228998E12, 41.86, 2.864, 177.0, 255.0, 175.06, 177.05, 0.0, 0.0, 128.0
1.785225229449E12, 41.86, 2.864, 177.0, 255.0, 175.06, 177.05, 0.0, 0.0, 128.0
1.785225229973E12, 41.86, 2.864, 177.0, 255.0, 175.06, 177.05, 0.0, 0.0, 128.0
1.785225230425E12, 41.86, 2.864, 177.0, 255.0, 175.06, 177.05, 0.0, 0.0, 128.0
1.785225230947E12, 41.86, 2.864, 177.0, 255.0, 175.06, 177.05, 0.0, 0.0, 128.0
1.785225231397E12, 41.86, 2.864, 177.0, 255.0, 175.06, 177.05, 0.0, 0.0, 128.0
1.785225231998E12, 41.86, 2.864, 177.0, 255.0, 175.06, 177.05, 0.0, 0.0, 128.0
1.785225232449E12, 41.86, 2.864, 177.0, 255.0, 175.06, 177.05, 0.0, 0.0, 128.0
1.785225232898E12, 41.86, 2.864, 177.0, 255.0, 175.06, 177.05, 0.0, 0.0, 128.0
1.785225233573E12, 41.86, 2.864, 177.0, 255.0, 175.06, 177.05, 0.0, 0.0, 128.0
1.785225233949E12, 41.86, 2.864, 177.0, 255.0, 175.06, 177.05, 0.0, 0.0, 128.0
1.785225234397E12, 41.86, 2.864, 177.0, 255.0, 175.06, 177.05, 0.0, 0.0, 128.0
1.785225234924E12, 41.86, 2.864, 177.0, 255.0, 175.06, 177.05, 0.0, 0.0, 128.0
1.785225235448E12, 41.86, 2.864, 177.0, 255.0, 175.06, 177.05, 0.0, 0.0, 128.0
1.785225235899E12, 41.86, 2.864, 177.0, 255.0, 175.06, 177.05, 0.0, 0.0, 128.0
1.785225236422E12, 41.86, 2.864, 177.0, 255.0, 175.06, 177.05, 0.0, 0.0, 128.0
1.785225237022E12, 41.86, 2.864, 177.0, 255.0, 175.06, 177.05, 0.0, 0.0, 128.0
1.785225237473E12, 41.86, 2.864, 177.0, 255.0, 175.06, 177.05, 0.0, 0.0, 128.0
1.785225237922E12, 41.86, 2.864, 177.0, 255.0, 175.06, 177.05, 0.0, 0.0, 128.0
1.785225238523E12, 41.86, 2.864, 177.0, 255.0, 175.06, 177.05, 0.0, 0.0, 128.0
1.7852252389E12, 41.86, 2.864, 177.0, 255.0, 175.06, 177.05, 0.0, 0.0, 128.0
1.785225239424E12, 41.86, 2.864, 177.0, 255.0, 175.06, 177.05, 0.0, 0.0, 128.0
1.785225239948E12, 41.86, 2.864, 177.0, 255.0, 175.06, 177.05, 0.0, 0.0, 128.0
1.785225240398E12, 41.86, 2.864, 177.0, 255.0, 175.06, 177.05, 0.0, 0.0, 128.0
1.785225240923E12, 41.86, 2.864, 177.0, 255.0, 175.06, 177.05, 0.0, 0.0, 128.0
1.785225241448E12, 41.86, 2.864, 177.0, 255.0, 175.06, 177.05, 0.0, 0.0, 128.0
1.785225241898E12, 41.86, 2.864, 177.0, 255.0, 175.06, 177.05, 0.0, 0.0, 128.0
1.785225242498E12, 41.86, 2.864, 177.0, 255.0, 175.06, 177.05, 0.0, 0.0, 128.0
1.785225242949E12, 41.86, 2.864, 177.0, 255.0, 175.06, 177.05, 0.0, 0.0, 128.0
1.785225243398E12, 41.86, 2.864, 177.0, 255.0, 175.06, 177.05, 0.0, 0.0, 128.0
1.785225243924E12, 41.86, 2.864, 177.0, 255.0, 175.06, 177.05, 0.0, 0.0, 128.0
1.785225244449E12, 41.86, 2.864, 177.0, 255.0, 175.06, 177.05, 0.0, 0.0, 128.0
1.785225244898E12, 41.86, 2.864, 177.0, 255.0, 175.06, 177.05, 0.0, 0.0, 128.0
1.785225245423E12, 41.86, 2.864, 177.0, 255.0, 175.06, 177.05, 0.0, 0.0, 128.0
1.785225245948E12, 41.86, 2.864, 177.0, 255.0, 175.06, 177.05, 0.0, 0.0, 128.0
1.785225246397E12, 41.86, 2.864, 177.0, 255.0, 175.06, 177.05, 0.0, 0.0, 128.0
1.785225246997E12, 41.86, 2.864, 177.0, 255.0, 175.06, 177.05, 0.0, 0.0, 128.0
1.785225247448E12, 41.86, 2.864, 177.0, 255.0, 175.06, 177.05, 0.0, 0.0, 128.0
1.785225247899E12, 41.86, 2.864, 177.0, 255.0, 175.06, 177.05, 0.0, 0.0, 128.0
1.785225248424E12, 41.86, 2.864, 177.0, 255.0, 175.06, 177.05, 0.0, 0.0, 128.0
1.785225248948E12, 41.86, 2.864, 177.0, 255.0, 175.06, 177.05, 0.0, 0.0, 128.0
1.785225249398E12, 41.86, 2.864, 177.0, 255.0, 175.06, 177.05, 0.0, 0.0, 128.0
1.785225249923E12, 41.86, 2.864, 177.0, 255.0, 175.06, 177.05, 0.0, 0.0, 128.0
1.785225250448E12, 41.86, 2.864, 177.0, 255.0, 175.06, 177.05, 0.0, 0.0, 128.0
1.785225250898E12, 41.86, 2.864, 177.0, 255.0, 175.06, 177.05, 0.0, 0.0, 128.0
1.785225251497E12, 41.86, 2.864, 177.0, 255.0, 175.06, 177.05, 0.0, 0.0, 128.0
1.785225251948E12, 41.86, 2.864, 177.0, 255.0, 175.06, 177.05, 0.0, 0.0, 128.0
1.785225252397E12, 41.86, 2.864, 177.0, 255.0, 175.06, 177.05, 0.0, 0.0, 128.0
1.785225252924E12, 41.86, 2.864, 177.0, 255.0, 175.06, 177.05, 0.0, 0.0, 128.0
1.785225253448E12, 41.86, 2.864, 177.0, 255.0, 175.06, 177.05, 0.0, 0.0, 128.0
1.785225253898E12, 41.86, 2.864, 177.0, 255.0, 175.06, 177.05, 0.0, 0.0, 128.0
1.785225254423E12, 41.86, 2.864, 177.0, 255.0, 175.06, 177.05, 0.0, 0.0, 128.0
1.785225254948E12, 41.86, 2.864, 177.0, 255.0, 175.06, 177.05, 0.0, 0.0, 128.0
1.785225255398E12, 41.86, 2.864, 177.0, 255.0, 175.06, 177.05, 0.0, 0.0, 128.0
1.785225255998E12, 41.86, 2.864, 177.0, 255.0, 175.06, 177.05, 0.0, 0.0, 128.0
1.785225256447E12, 41.86, 2.864, 177.0, 255.0, 175.06, 177.05, 0.0, 0.0, 128.0
1.785225256972E12, 41.86, 2.864, 177.0, 255.0, 175.06, 177.05, 0.0, 0.0, 128.0
1.785225257422E12, 41.86, 2.864, 177.0, 255.0, 175.06, 177.05, 0.0, 0.0, 128.0
1.785225257948E12, 41.86, 2.864, 177.0, 255.0, 175.06, 177.05, 0.0, 0.0, 128.0
1.785225258398E12, 41.86, 2.864, 177.0, 255.0, 175.06, 177.05, 0.0, 0.0, 128.0
1.785225258923E12, 41.86, 2.864, 177.0, 255.0, 175.06, 177.05, 0.0, 0.0, 128.0
1.785225259523E12, 41.86, 2.864, 177.0, 255.0, 175.06, 177.05, 0.0, 0.0, 128.0
1.785225259897E12, 41.86, 2.864, 177.0, 255.0, 175.06, 177.05, 0.0, 0.0, 128.0
1.785225260422E12, 41.86, 2.864, 177.0, 255.0, 175.06, 177.05, 0.0, 0.0, 128.0
1.785225260947E12, 41.86, 2.864, 177.0, 255.0, 175.06, 177.05, 0.0, 0.0, 128.0
1.785225261397E12, 41.86, 2.864, 177.0, 255.0, 175.06, 177.05, 0.0, 0.0, 128.0
1.785225261922E12, 41.86, 2.864, 177.0, 255.0, 175.06, 177.05, 0.0, 0.0, 128.0
1.785225262447E12, 41.86, 2.864, 177.0, 255.0, 175.06, 177.05, 0.0, 0.0, 128.0
1.785225262897E12, 41.86, 2.864, 177.0, 255.0, 175.06, 177.05, 0.0, 0.0, 128.0
1.785225263423E12, 41.86, 2.864, 177.0, 255.0, 175.06, 177.05, 0.0, 0.0, 128.0
1.785225264023E12, 41.86, 2.864, 177.0, 255.0, 175.06, 177.05, 0.0, 0.0, 128.0
1.785225264397E12, 41.86, 2.864, 177.0, 255.0, 175.06, 177.05, 0.0, 0.0, 128.0
1.785225264923E12, 41.86, 2.864, 177.0, 255.0, 175.06, 177.05, 0.0, 0.0, 128.0
1.785225265447E12, 41.86, 2.864, 177.0, 255.0, 175.06, 177.05, 0.0, 0.0, 128.0
1.785225265898E12, 41.86, 2.864, 177.0, 255.0, 175.06, 177.05, 0.0, 0.0, 128.0
1.785225266423E12, 41.86, 2.864, 177.0, 255.0, 175.06, 177.05, 0.0, 0.0, 128.0
1.785225266948E12, 41.86, 2.864, 177.0, 255.0, 175.06, 177.05, 0.0, 0.0, 128.0
1.785225267398E12, 41.86, 2.864, 177.0, 255.0, 175.06, 177.05, 0.0, 0.0, 128.0
1.785225267923E12, 41.86, 2.864, 177.0, 255.0, 175.06, 177.05, 0.0, 0.0, 128.0
1.785225268523E12, 41.86, 2.864, 177.0, 255.0, 175.06, 177.05, 0.0, 0.0, 128.0
1.785225268898E12, 41.86, 2.864, 177.0, 255.0, 175.06, 177.05, 0.0, 0.0, 128.0
1.785225269422E12, 41.86, 2.864, 177.0, 255.0, 175.06, 177.05, 0.0, 0.0, 128.0
1.785225269947E12, 41.86, 2.864, 177.0, 255.0, 175.06, 177.05, 0.0, 0.0, 128.0
1.785225270397E12, 41.86, 2.864, 177.0, 255.0, 175.06, 177.05, 0.0, 0.0, 128.0
1.785225270922E12, 41.86, 2.864, 177.0, 255.0, 175.06, 177.05, 0.0, 0.0, 128.0
1.785225271448E12, 41.86, 2.864, 177.0, 255.0, 175.06, 177.05, 0.0, 0.0, 128.0
1.785225271898E12, 41.86, 2.864, 177.0, 255.0, 175.06, 177.05, 0.0, 0.0, 128.0
1.785225272422E12, 41.86, 2.864, 177.0, 255.0, 175.06, 177.05, 0.0, 0.0, 128.0
1.785225273098E12, 41.86, 2.864, 177.0, 255.0, 175.06, 177.05, 0.0, 0.0, 128.0
1.785225273398E12, 41.86, 2.864, 177.0, 255.0, 175.06, 177.05, 0.0, 0.0, 128.0
1.785225273923E12, 41.86, 2.864, 177.0, 255.0, 175.06, 177.05, 0.0, 0.0, 128.0
1.785225274448E12, 41.86, 2.864, 177.0, 255.0, 175.06, 177.05, 0.0, 0.0, 128.0
1.785225274898E12, 41.86, 2.864, 177.0, 255.0, 175.06, 177.05, 0.0, 0.0, 128.0
1.785225275423E12, 41.86, 2.864, 177.0, 255.0, 175.06, 177.05, 0.0, 0.0, 128.0
1.785225275947E12, 41.86, 2.864, 177.0, 255.0, 175.06, 177.05, 0.0, 0.0, 128.0
1.785225276398E12, 41.86, 2.864, 177.0, 255.0, 175.06, 177.05, 0.0, 0.0, 128.0
1.785225276922E12, 41.86, 2.864, 177.0, 255.0, 175.06, 177.05, 0.0, 0.0, 128.0
1.785225277522E12, 41.86, 2.864, 177.0, 255.0, 175.06, 177.05, 0.0, 0.0, 128.0
1.785225277897E12, 41.86, 2.864, 177.0, 255.0, 175.06, 177.05, 0.0, 0.0, 128.0
1.785225278422E12, 41.86, 2.864, 177.0, 255.0, 175.06, 177.05, 0.0, 0.0, 128.0
1.785225278946E12, 41.86, 2.864, 177.0, 255.0, 175.06, 177.05, 0.0, 0.0, 128.0
1.785225279472E12, 41.86, 2.864, 177.0, 255.0, 175.06, 177.05, 0.0, 0.0, 128.0
1.785225279924E12, 42.45, 2.864, 177.0, 255.0, 175.06, 177.05, 0.0, 0.0, 128.0
1.785225280448E12, 42.96, 2.864, 177.0, 255.0, 175.06, 177.05, 0.0, 0.0, 128.0
1.785225280973E12, 43.480000000000004, 1.247, 60.0, 255.0, 401.23, 181.35, 0.0, 0.0, 128.0
1.785225281422E12, 43.97, 1.247, 60.0, 255.0, 401.23, 181.35, 0.0, 0.0, 128.0
1.785225282023E12, 44.46, 1.247, 60.0, 255.0, 401.23, 181.35, 0.0, 0.0, 128.0
1.785225282473E12, 44.96, 1.247, 60.0, 255.0, 401.23, 181.35, 0.0, 0.0, 128.0
1.785225282922E12, 45.47, 1.247, 60.0, 255.0, 401.23, 181.35, 0.0, 0.0, 128.0
1.785225283448E12, 45.99, 1.247, 60.0, 255.0, 401.23, 181.35, 0.0, 0.0, 128.0
1.785225283972E12, 46.47, 1.247, 60.0, 255.0, 401.23, 181.35, 0.0, 0.0, 128.0
1.785225284423E12, 46.95, 1.247, 60.0, 255.0, 401.23, 181.35, 0.0, 0.0, 128.0
1.785225284948E12, 47.44, 1.247, 60.0, 255.0, 401.23, 181.35, 0.0, 0.0, 128.0
1.785225285472E12, 47.94, 1.247, 60.0, 255.0, 401.23, 181.35, 0.0, 0.0, 128.0
1.785225285922E12, 48.45, 1.247, 60.0, 255.0, 401.23, 181.35, 0.0, 0.0, 128.0
1.785225286522E12, 48.980000000000004, 1.247, 60.0, 255.0, 401.23, 181.35, 0.0, 0.0, 128.0
1.785225286972E12, 49.370000000000005, 1.247, 60.0, 255.0, 401.23, 195.06, 0.0, 0.0, 128.0
1.785225287423E12, 49.370000000000005, 1.247, 60.0, 255.0, 401.23, 195.06, 0.0, 0.0, 128.0
1.785225288022E12, 49.370000000000005, 1.247, 60.0, 255.0, 401.23, 195.06, 0.0, 0.0, 128.0
1.785225288472E12, 49.370000000000005, 1.247, 60.0, 255.0, 401.23, 195.06, 0.0, 0.0, 128.0
1.785225288923E12, 49.370000000000005, 1.247, 60.0, 255.0, 401.23, 195.06, 0.0, 0.0, 128.0
1.785225289448E12, 49.370000000000005, 1.247, 60.0, 255.0, 401.23, 195.06, 0.0, 0.0, 128.0
1.785225289972E12, 49.370000000000005, 1.247, 60.0, 255.0, 401.23, 195.06, 0.0, 0.0, 128.0
1.785225290423E12, 49.370000000000005, 1.247, 60.0, 255.0, 401.23, 195.06, 0.0, 0.0, 128.0
1.785225291023E12, 49.370000000000005, 1.247, 60.0, 255.0, 401.23, 195.06, 0.0, 0.0, 128.0
1.785225291473E12, 49.370000000000005, 1.247, 60.0, 255.0, 401.23, 195.06, 0.0, 0.0, 128.0
1.785225291922E12, 49.370000000000005, 1.247, 60.0, 255.0, 401.23, 195.06, 0.0, 0.0, 128.0
1.785225292447E12, 49.370000000000005, 1.247, 60.0, 255.0, 401.23, 195.06, 0.0, 0.0, 128.0
1.785225292972E12, 49.370000000000005, 1.247, 60.0, 255.0, 401.23, 195.06, 0.0, 0.0, 128.0
1.785225293422E12, 49.370000000000005, 1.247, 60.0, 255.0, 401.23, 195.06, 0.0, 0.0, 128.0
1.785225293947E12, 49.370000000000005, 1.247, 60.0, 255.0, 401.23, 195.06, 0.0, 0.0, 128.0
1.785225294473E12, 49.370000000000005, 1.247, 60.0, 255.0, 401.23, 195.06, 0.0, 0.0, 128.0
1.785225294923E12, 49.370000000000005, 1.247, 60.0, 255.0, 401.23, 195.06, 0.0, 0.0, 128.0
1.785225295448E12, 49.370000000000005, 1.247, 60.0, 255.0, 401.23, 195.06, 0.0, 0.0, 128.0
1.785225295971E12, 49.370000000000005, 1.247, 60.0, 255.0, 401.23, 195.06, 0.0, 0.0, 128.0
1.785225296421E12, 49.370000000000005, 1.247, 60.0, 255.0, 401.23, 195.06, 0.0, 0.0, 128.0
1.785225296946E12, 49.370000000000005, 1.247, 60.0, 255.0, 401.23, 195.06, 0.0, 0.0, 128.0
1.785225297472E12, 49.370000000000005, 1.247, 60.0, 255.0, 401.23, 195.06, 0.0, 0.0, 128.0
1.785225297923E12, 49.370000000000005, 1.247, 60.0, 255.0, 401.23, 195.06, 0.0, 0.0, 128.0
1.785225298447E12, 49.370000000000005, 1.247, 60.0, 255.0, 401.23, 195.06, 0.0, 0.0, 128.0
1.785225298973E12, 49.370000000000005, 1.247, 60.0, 255.0, 401.23, 195.06, 0.0, 0.0, 128.0
1.785225299422E12, 49.370000000000005, 1.247, 60.0, 255.0, 401.23, 195.06, 0.0, 0.0, 128.0
1.785225299947E12, 49.370000000000005, 1.247, 60.0, 255.0, 401.23, 195.06, 0.0, 0.0, 128.0
1.785225300472E12, 49.370000000000005, 1.247, 60.0, 255.0, 401.23, 195.06, 0.0, 0.0, 128.0
1.785225300923E12, 49.370000000000005, 1.247, 60.0, 255.0, 401.23, 195.06, 0.0, 0.0, 128.0
1.785225301448E12, 49.370000000000005, 1.247, 60.0, 255.0, 401.23, 195.06, 0.0, 0.0, 128.0
1.785225301973E12, 49.370000000000005, 1.247, 60.0, 255.0, 401.23, 195.06, 0.0, 0.0, 128.0
1.785225302423E12, 49.370000000000005, 1.247, 60.0, 255.0, 401.23, 195.06, 0.0, 0.0, 128.0
1.785225302947E12, 49.370000000000005, 1.247, 60.0, 255.0, 401.23, 195.06, 0.0, 0.0, 128.0
1.785225303547E12, 49.370000000000005, 1.247, 60.0, 255.0, 401.23, 195.06, 0.0, 0.0, 128.0
1.785225303922E12, 49.370000000000005, 1.247, 60.0, 255.0, 401.23, 195.06, 0.0, 0.0, 128.0
1.785225304447E12, 49.370000000000005, 1.247, 60.0, 255.0, 401.23, 195.06, 0.0, 0.0, 128.0
1.785225305047E12, 49.370000000000005, 1.247, 60.0, 255.0, 401.23, 195.06, 0.0, 0.0, 128.0
1.785225305423E12, 49.370000000000005, 1.247, 60.0, 255.0, 401.23, 195.06, 0.0, 0.0, 128.0
1.785225305947E12, 49.370000000000005, 1.247, 60.0, 255.0, 401.23, 195.06, 0.0, 0.0, 128.0
1.785225306473E12, 49.370000000000005, 1.247, 60.0, 255.0, 401.23, 195.06, 0.0, 0.0, 128.0
1.785225306923E12, 49.370000000000005, 1.247, 60.0, 255.0, 401.23, 195.06, 0.0, 0.0, 128.0
1.785225307447E12, 49.370000000000005, 1.247, 60.0, 255.0, 401.23, 195.06, 0.0, 0.0, 128.0
1.785225307972E12, 49.370000000000005, 1.247, 60.0, 255.0, 401.23, 195.06, 0.0, 0.0, 128.0
1.785225308497E12, 49.370000000000005, 1.247, 60.0, 255.0, 401.23, 195.06, 0.0, 0.0, 128.0
1.785225308948E12, 49.370000000000005, 1.247, 60.0, 255.0, 401.23, 195.06, 0.0, 0.0, 128.0
1.785225309471E12, 49.370000000000005, 1.247, 60.0, 255.0, 401.23, 195.06, 0.0, 0.0, 128.0
1.785225309922E12, 49.370000000000005, 1.247, 60.0, 255.0, 401.23, 195.06, 0.0, 0.0, 128.0
1.785225310522E12, 49.370000000000005, 1.247, 60.0, 255.0, 401.23, 195.06, 0.0, 0.0, 128.0
1.785225310972E12, 49.370000000000005, 1.247, 60.0, 255.0, 401.23, 195.06, 0.0, 0.0, 128.0
1.785225311423E12, 49.370000000000005, 1.247, 60.0, 255.0, 401.23, 195.06, 0.0, 0.0, 128.0
1.785225311948E12, 49.370000000000005, 1.247, 60.0, 255.0, 401.23, 195.06, 0.0, 0.0, 128.0
1.785225312546E12, 49.370000000000005, 1.247, 60.0, 255.0, 401.23, 195.06, 0.0, 0.0, 128.0
1.785225312922E12, 49.370000000000005, 1.247, 60.0, 255.0, 401.23, 195.06, 0.0, 0.0, 128.0
1.785225313448E12, 49.370000000000005, 1.247, 60.0, 255.0, 401.23, 195.06, 0.0, 0.0, 128.0
1.785225313972E12, 49.370000000000005, 1.247, 60.0, 255.0, 401.23, 195.06, 0.0, 0.0, 128.0
1.785225314422E12, 49.370000000000005, 1.247, 60.0, 255.0, 401.23, 195.06, 0.0, 0.0, 128.0
1.785225314947E12, 49.370000000000005, 1.247, 60.0, 255.0, 401.23, 195.06, 0.0, 0.0, 128.0
1.785225315546E12, 49.370000000000005, 1.247, 60.0, 255.0, 401.23, 195.06, 0.0, 0.0, 128.0
1.785225315922E12, 49.370000000000005, 1.247, 60.0, 255.0, 401.23, 195.06, 0.0, 0.0, 128.0
1.785225316447E12, 49.370000000000005, 1.247, 60.0, 255.0, 401.23, 195.06, 0.0, 0.0, 128.0
1.785225317047E12, 49.370000000000005, 1.247, 60.0, 255.0, 401.23, 195.06, 0.0, 0.0, 128.0
1.785225317422E12, 49.370000000000005, 1.247, 60.0, 255.0, 401.23, 195.06, 0.0, 0.0, 128.0
1.785225317948E12, 50.43, 1.247, 60.0, 255.0, 401.23, 195.06, 0.0, 0.0, 128.0
1.785225318472E12, 50.97, 1.247, 60.0, 255.0, 401.23, 195.06, 0.0, 0.0, 128.0
1.785225318997E12, 51.5, 1.247, 60.0, 255.0, 401.23, 195.06, 0.0, 0.0, 128.0
1.785225319523E12, 52.02, 1.21, 43.0, 255.0, 413.47, 201.13, 0.0, 0.0, 128.0
1.785225320047E12, 52.58, 1.21, 43.0, 255.0, 413.47, 201.13, 0.0, 0.0, 128.0
1.785225320497E12, 53.09, 1.21, 43.0, 255.0, 413.47, 201.13, 0.0, 0.0, 128.0
1.785225321021E12, 53.59, 1.841, 35.0, 255.0, 271.95, 202.82, 0.0, 0.0, 128.0
1.785225321546E12, 54.11, 1.841, 35.0, 255.0, 271.95, 202.82, 0.0, 0.0, 128.0
1.785225321997E12, 54.61, 1.841, 35.0, 255.0, 271.95, 202.82, 0.0, 0.0, 128.0
1.785225322672E12, 55.120000000000005, 1.841, 35.0, 255.0, 271.95, 202.82, 0.0, 0.0, 128.0
1.785225323047E12, 55.63, 2.495, 27.0, 255.0, 200.88, 202.73000000000002, 0.0, 0.0, 128.0
1.785225323572E12, 56.15, 2.495, 27.0, 255.0, 200.88, 202.73000000000002, 0.0, 0.0, 128.0
1.785225324096E12, 56.64, 2.495, 27.0, 255.0, 200.88, 202.73000000000002, 0.0, 0.0, 128.0
1.785225324547E12, 57.13, 2.495, 27.0, 255.0, 200.88, 202.73000000000002, 0.0, 0.0, 128.0
1.785225325072E12, 57.65, 2.495, 27.0, 255.0, 200.88, 202.73000000000002, 0.0, 0.0, 128.0
1.785225325522E12, 58.14, 2.903, 24.0, 255.0, 172.72, 201.18, 0.0, 0.0, 128.0
1.785225326046E12, 58.65, 2.903, 24.0, 255.0, 172.72, 201.18, 0.0, 0.0, 128.0
1.785225326572E12, 59.15, 2.903, 24.0, 255.0, 172.72, 201.18, 0.0, 0.0, 128.0
1.785225327097E12, 59.65, 2.903, 24.0, 255.0, 172.72, 201.18, 0.0, 0.0, 128.0
1.785225327622E12, 60.18, 2.903, 24.0, 255.0, 172.72, 201.18, 0.0, 0.0, 128.0
1.785225328071E12, 60.68, 3.061, 24.0, 255.0, 163.83, 199.26, 0.0, 0.0, 128.0
1.785225328597E12, 61.18, 3.061, 24.0, 255.0, 163.83, 199.26, 0.0, 0.0, 128.0
1.785225329122E12, 61.67, 3.061, 24.0, 255.0, 163.83, 199.26, 0.0, 0.0, 128.0
1.785225329572E12, 62.17, 3.061, 24.0, 255.0, 163.83, 199.26, 0.0, 0.0, 128.0
1.785225330097E12, 62.690000000000005, 3.061, 24.0, 255.0, 163.83, 199.26, 0.0, 0.0, 128.0
1.785225330622E12, 63.2, 3.061, 24.0, 255.0, 163.83, 199.26, 0.0, 0.0, 128.0
1.785225331145E12, 63.690000000000005, 3.0660000000000003, 22.0, 255.0, 163.56, 197.38, 0.0, 0.0, 128.0
1.785225331597E12, 64.19, 3.0660000000000003, 22.0, 255.0, 163.56, 197.38, 0.0, 0.0, 128.0
1.785225332122E12, 64.7, 3.0660000000000003, 22.0, 255.0, 163.56, 197.38, 0.0, 0.0, 128.0
1.785225332647E12, 65.2, 3.0660000000000003, 22.0, 255.0, 163.56, 197.38, 0.0, 0.0, 128.0
1.785225333171E12, 65.72, 3.0660000000000003, 22.0, 255.0, 163.56, 197.38, 0.0, 0.0, 128.0
1.785225333622E12, 66.23, 2.995, 20.0, 255.0, 167.38, 195.8, 0.0, 0.0, 128.0
1.785225334147E12, 66.72, 2.995, 20.0, 255.0, 167.38, 195.8, 0.0, 0.0, 128.0
1.785225334671E12, 67.21000000000001, 2.995, 20.0, 255.0, 167.38, 195.8, 0.0, 0.0, 128.0
1.785225335122E12, 67.73, 2.995, 20.0, 255.0, 167.38, 195.8, 0.0, 0.0, 128.0
1.785225335647E12, 68.21000000000001, 2.995, 20.0, 255.0, 167.38, 195.8, 0.0, 0.0, 128.0
1.785225336172E12, 68.74, 2.995, 20.0, 255.0, 167.38, 195.8, 0.0, 0.0, 128.0
1.785225336623E12, 69.22, 2.995, 20.0, 255.0, 167.38, 195.8, 0.0, 0.0, 128.0
1.785225337146E12, 69.74, 2.892, 19.0, 255.0, 173.36, 194.65, 0.0, 0.0, 128.0
1.785225337747E12, 70.24, 2.892, 19.0, 255.0, 173.36, 194.65, 0.0, 0.0, 128.0
1.785225338122E12, 70.73, 2.892, 19.0, 255.0, 173.36, 194.65, 0.0, 0.0, 128.0
1.785225338647E12, 71.22, 2.892, 19.0, 255.0, 173.36, 194.65, 0.0, 0.0, 128.0
1.785225339246E12, 71.73, 2.892, 19.0, 255.0, 173.36, 194.65, 0.0, 0.0, 128.0
1.785225339631E12, 72.24, 2.8970000000000002, 22.0, 255.0, 173.08, 193.72, 0.0, 0.0, 128.0
1.785225340222E12, 72.74, 2.8970000000000002, 22.0, 255.0, 173.08, 193.72, 0.0, 0.0, 128.0
1.785225340672E12, 73.24, 2.8970000000000002, 22.0, 255.0, 173.08, 193.72, 0.0, 0.0, 128.0
1.785225341122E12, 73.73, 2.8970000000000002, 22.0, 255.0, 173.08, 193.72, 0.0, 0.0, 128.0
1.785225341721E12, 74.24, 2.8970000000000002, 22.0, 255.0, 173.08, 193.72, 0.0, 0.0, 128.0
1.785225342172E12, 74.75, 2.8970000000000002, 22.0, 255.0, 173.08, 193.72, 0.0, 0.0, 128.0
1.785225342697E12, 75.25, 2.958, 21.0, 255.0, 169.53, 192.66, 0.0, 0.0, 128.0
1.785225343147E12, 75.73, 2.958, 21.0, 255.0, 169.53, 192.66, 0.0, 0.0, 128.0
1.785225343672E12, 76.23, 2.958, 21.0, 255.0, 169.53, 192.66, 0.0, 0.0, 128.0
1.785225344121E12, 76.73, 2.958, 21.0, 255.0, 169.53, 192.66, 0.0, 0.0, 128.0
1.785225344646E12, 77.25, 2.958, 21.0, 255.0, 169.53, 192.66, 0.0, 0.0, 128.0
1.785225345171E12, 77.74, 2.958, 21.0, 255.0, 169.53, 192.66, 0.0, 0.0, 128.0
1.785225345772E12, 78.25, 2.935, 18.0, 255.0, 170.84, 191.62, 0.0, 0.0, 128.0
1.785225346146E12, 78.74, 2.935, 18.0, 255.0, 170.84, 191.62, 0.0, 0.0, 128.0
1.785225346673E12, 79.26, 2.935, 18.0, 255.0, 170.84, 191.62, 0.0, 0.0, 128.0
1.785225347197E12, 79.75, 2.935, 18.0, 255.0, 170.84, 191.62, 0.0, 0.0, 128.0
1.785225347647E12, 80.24, 2.935, 18.0, 255.0, 170.84, 191.62, 0.0, 0.0, 128.0
1.785225348172E12, 80.75, 2.935, 18.0, 255.0, 170.84, 191.62, 0.0, 0.0, 128.0
1.785225348697E12, 81.26, 2.935, 18.0, 255.0, 170.84, 191.62, 0.0, 0.0, 128.0
1.785225349146E12, 81.75, 2.904, 18.0, 255.0, 172.63, 190.73, 0.0, 0.0, 128.0
1.785225349671E12, 82.24, 2.904, 18.0, 255.0, 172.63, 190.73, 0.0, 0.0, 128.0
1.785225350196E12, 82.76, 2.904, 18.0, 255.0, 172.63, 190.73, 0.0, 0.0, 128.0
1.785225350646E12, 83.25, 2.904, 18.0, 255.0, 172.63, 190.73, 0.0, 0.0, 128.0
1.785225351246E12, 83.76, 2.904, 18.0, 255.0, 172.63, 190.73, 0.0, 0.0, 128.0
1.785225351697E12, 84.26, 2.948, 21.0, 255.0, 170.05, 189.93, 0.0, 0.0, 128.0
1.785225352146E12, 84.76, 2.948, 21.0, 255.0, 170.05, 189.93, 0.0, 0.0, 128.0
1.785225352672E12, 85.25, 2.948, 21.0, 255.0, 170.05, 189.93, 0.0, 0.0, 128.0
1.785225353196E12, 85.77, 2.948, 21.0, 255.0, 170.05, 189.93, 0.0, 0.0, 128.0
1.785225353646E12, 86.25, 2.797, 35.0, 255.0, 179.20000000000002, 189.70000000000002, 0.0, 0.0, 128.0
1.785225354171E12, 86.77, 2.797, 35.0, 255.0, 179.20000000000002, 189.70000000000002, 0.0, 0.0, 128.0
1.785225354696E12, 87.25, 2.797, 35.0, 255.0, 179.20000000000002, 189.70000000000002, 0.0, 0.0, 128.0
1.785225355146E12, 87.76, 2.797, 35.0, 255.0, 179.20000000000002, 189.70000000000002, 0.0, 0.0, 128.0
1.785225355746E12, 88.25, 2.797, 35.0, 255.0, 179.20000000000002, 189.70000000000002, 0.0, 0.0, 128.0
1.785225356196E12, 88.77, 2.797, 35.0, 255.0, 179.20000000000002, 189.70000000000002, 0.0, 0.0, 128.0
1.785225356722E12, 89.27, 2.457, 20.0, 255.0, 203.99, 190.14000000000001, 0.0, 0.0, 128.0
1.785225357247E12, 89.8, 2.457, 20.0, 255.0, 203.99, 190.14000000000001, 0.0, 0.0, 128.0
1.785225357696E12, 90.31, 3.0140000000000002, 59.0, 255.0, 166.37, 189.83, 0.0, 0.0, 128.0
1.785225358221E12, 90.81, 3.0140000000000002, 59.0, 255.0, 166.37, 189.83, 0.0, 0.0, 128.0
1.785225358746E12, 91.3, 3.285, 64.0, 255.0, 152.70000000000002, 189.34, 0.0, 0.0, 128.0
1.785225359271E12, 91.84, 3.285, 64.0, 255.0, 152.70000000000002, 189.34, 0.0, 0.0, 128.0
1.785225359722E12, 92.32000000000001, 3.333, 58.0, 255.0, 150.47, 188.79, 0.0, 0.0, 128.0
1.78522536032E12, 92.85000000000001, 3.333, 58.0, 255.0, 150.47, 188.79, 0.0, 0.0, 128.0
1.785225360848E12, 93.36, 3.366, 54.0, 255.0, 149.03, 188.18, 0.0, 0.0, 128.0
1.785225361295E12, 93.86, 3.366, 54.0, 255.0, 149.03, 188.18, 0.0, 0.0, 128.0
1.785225361746E12, 94.37, 3.352, 54.0, 255.0, 149.65, 187.6, 0.0, 0.0, 128.0
1.785225362346E12, 94.87, 3.352, 54.0, 255.0, 149.65, 187.6, 0.0, 0.0, 128.0
1.785225362796E12, 95.37, 3.334, 53.0, 255.0, 150.45000000000002, 187.04, 0.0, 0.0, 128.0
1.785225363245E12, 95.86, 3.334, 53.0, 255.0, 150.45000000000002, 187.04, 0.0, 0.0, 128.0
1.785225363771E12, 96.36, 3.334, 53.0, 255.0, 150.45000000000002, 187.04, 0.0, 0.0, 128.0
1.785225364296E12, 96.87, 3.3120000000000003, 45.0, 255.0, 151.44, 186.42000000000002, 0.0, 0.0, 128.0
1.785225364821E12, 97.36, 3.3120000000000003, 45.0, 255.0, 151.44, 186.42000000000002, 0.0, 0.0, 128.0
1.78522536527E12, 97.89, 3.3120000000000003, 45.0, 255.0, 151.44, 186.42000000000002, 0.0, 0.0, 128.0
1.785225365796E12, 98.38, 3.325, 46.0, 255.0, 150.86, 185.83, 0.0, 0.0, 128.0
1.785225366321E12, 98.91, 3.325, 46.0, 255.0, 150.86, 185.83, 0.0, 0.0, 128.0
1.785225366846E12, 99.42, 3.332, 47.0, 255.0, 150.53, 185.27, 0.0, 0.0, 128.0
1.785225367296E12, 99.92, 3.332, 47.0, 255.0, 150.53, 185.27, 0.0, 0.0, 128.0
1.785225367821E12, 100.44, 3.332, 47.0, 255.0, 150.53, 185.27, 0.0, 0.0, 128.0
1.785225368346E12, 100.93, 3.348, 48.0, 255.0, 149.81, 184.72, 0.0, 0.0, 128.0
1.785225368872E12, 101.44, 3.348, 48.0, 255.0, 149.81, 184.72, 0.0, 0.0, 128.0
1.785225369321E12, 101.94, 3.355, 47.0, 255.0, 149.48, 184.16, 0.0, 0.0, 128.0
1.785225369921E12, 102.44, 3.355, 47.0, 255.0, 149.48, 184.16, 0.0, 0.0, 128.0
1.78522537037E12, 102.93, 3.355, 47.0, 255.0, 149.48, 184.16, 0.0, 0.0, 128.0
1.785225370821E12, 103.43, 3.355, 48.0, 255.0, 149.52, 183.63, 0.0, 0.0, 128.0
1.785225371346E12, 103.94, 3.355, 48.0, 255.0, 149.52, 183.63, 0.0, 0.0, 128.0
1.785225371871E12, 104.43, 3.355, 48.0, 255.0, 149.52, 183.63, 0.0, 0.0, 128.0
1.785225372322E12, 104.92, 3.355, 48.0, 255.0, 149.52, 183.63, 0.0, 0.0, 128.0
1.785225372847E12, 105.43, 3.355, 48.0, 255.0, 149.52, 183.63, 0.0, 0.0, 128.0
1.785225373371E12, 105.92, 3.355, 48.0, 255.0, 149.52, 183.63, 0.0, 0.0, 128.0
1.78522537382E12, 106.43, 3.355, 48.0, 255.0, 149.52, 183.63, 0.0, 0.0, 128.0
1.785225374352E12, 106.93, 3.015, 16.0, 255.0, 166.28, 182.96, 0.0, 0.0, 128.0
1.785225374872E12, 107.44, 3.015, 16.0, 255.0, 166.28, 182.96, 0.0, 0.0, 128.0
1.785225375396E12, 107.94, 3.015, 16.0, 255.0, 166.28, 182.96, 0.0, 0.0, 128.0
1.785225375848E12, 108.45, 3.017, 37.0, 255.0, 166.21, 182.67000000000002, 0.0, 0.0, 128.0
1.785225376446E12, 108.94, 3.017, 37.0, 255.0, 166.21, 182.67000000000002, 0.0, 0.0, 128.0
1.785225376896E12, 109.46000000000001, 3.017, 37.0, 255.0, 166.21, 182.67000000000002, 0.0, 0.0, 128.0
1.785225377345E12, 109.95, 3.017, 37.0, 255.0, 166.21, 182.67000000000002, 0.0, 0.0, 128.0
1.785225377871E12, 110.46000000000001, 3.017, 37.0, 255.0, 166.21, 182.67000000000002, 0.0, 0.0, 128.0
1.785225378396E12, 110.95, 3.065, 26.0, 255.0, 163.58, 182.22, 0.0, 0.0, 128.0
1.785225378921E12, 111.45, 3.065, 26.0, 255.0, 163.58, 182.22, 0.0, 0.0, 128.0
1.78522537937E12, 111.96000000000001, 3.065, 26.0, 255.0, 163.58, 182.22, 0.0, 0.0, 128.0
1.785225379896E12, 112.48, 3.065, 26.0, 255.0, 163.58, 182.22, 0.0, 0.0, 128.0
1.785225380421E12, 113.0, 3.335, 30.0, 255.0, 150.41, 181.52, 0.0, 0.0, 128.0
1.785225380946E12, 113.48, 3.335, 30.0, 255.0, 150.41, 181.52, 0.0, 0.0, 128.0
1.785225381397E12, 113.98, 3.335, 30.0, 255.0, 150.41, 181.52, 0.0, 0.0, 128.0
1.785225381997E12, 114.51, 3.335, 30.0, 255.0, 150.41, 181.52, 0.0, 0.0, 128.0
1.785225382446E12, 115.02, 3.412, 29.0, 255.0, 147.01, 180.75, 0.0, 0.0, 128.0
1.785225382897E12, 115.51, 3.412, 29.0, 255.0, 147.01, 180.75, 0.0, 0.0, 128.0
1.785225383421E12, 116.0, 3.412, 29.0, 255.0, 147.01, 180.75, 0.0, 0.0, 128.0
1.785225383946E12, 116.5, 3.412, 29.0, 255.0, 147.01, 180.75, 0.0, 0.0, 128.0
1.785225384471E12, 117.03, 3.412, 29.0, 255.0, 147.01, 180.75, 0.0, 0.0, 128.0
1.785225384921E12, 117.52, 3.289, 25.0, 255.0, 152.48, 180.07, 0.0, 0.0, 128.0
1.785225385445E12, 118.04, 3.289, 25.0, 255.0, 152.48, 180.07, 0.0, 0.0, 128.0
1.785225386045E12, 118.54, 3.289, 25.0, 255.0, 152.48, 180.07, 0.0, 0.0, 128.0
1.785225386495E12, 119.06, 3.289, 25.0, 255.0, 152.48, 180.07, 0.0, 0.0, 128.0
1.785225386946E12, 119.55, 3.202, 27.0, 255.0, 156.65, 179.56, 0.0, 0.0, 128.0
1.785225387471E12, 120.05, 3.202, 27.0, 255.0, 156.65, 179.56, 0.0, 0.0, 128.0
1.785225387995E12, 120.55, 3.202, 27.0, 255.0, 156.65, 179.56, 0.0, 0.0, 128.0
1.785225388446E12, 121.04, 3.202, 27.0, 255.0, 156.65, 179.56, 0.0, 0.0, 128.0
1.78522538897E12, 121.57000000000001, 3.202, 27.0, 255.0, 156.65, 179.56, 0.0, 0.0, 128.0
1.785225389495E12, 122.06, 3.126, 24.0, 255.0, 160.42000000000002, 179.11, 0.0, 0.0, 128.0
1.785225390021E12, 122.56, 3.126, 24.0, 255.0, 160.42000000000002, 179.11, 0.0, 0.0, 128.0
1.785225390471E12, 123.06, 3.126, 24.0, 255.0, 160.42000000000002, 179.11, 0.0, 0.0, 128.0
1.785225390995E12, 123.56, 3.126, 24.0, 255.0, 160.42000000000002, 179.11, 0.0, 0.0, 128.0
1.785225391521E12, 124.08, 3.126, 24.0, 255.0, 160.42000000000002, 179.11, 0.0, 0.0, 128.0
1.785225392045E12, 124.57000000000001, 3.059, 22.0, 255.0, 163.92000000000002, 178.73, 0.0, 0.0, 128.0
1.785225392495E12, 125.07000000000001, 3.059, 22.0, 255.0, 163.92000000000002, 178.73, 0.0, 0.0, 128.0
1.785225393021E12, 125.56, 3.059, 22.0, 255.0, 163.92000000000002, 178.73, 0.0, 0.0, 128.0
1.785225393471E12, 126.08, 3.059, 22.0, 255.0, 163.92000000000002, 178.73, 0.0, 0.0, 128.0
1.785225394071E12, 126.57000000000001, 3.059, 22.0, 255.0, 163.92000000000002, 178.73, 0.0, 0.0, 128.0
1.785225394521E12, 127.08, 3.059, 22.0, 255.0, 163.92000000000002, 178.73, 0.0, 0.0, 128.0
1.785225394971E12, 127.58, 3.019, 23.0, 255.0, 166.11, 178.44, 0.0, 0.0, 128.0
1.785225395496E12, 128.09, 3.019, 23.0, 255.0, 166.11, 178.44, 0.0, 0.0, 128.0
1.78522539602E12, 128.6, 3.019, 23.0, 255.0, 166.11, 178.44, 0.0, 0.0, 128.0
1.785225396545E12, 129.09, 3.589, 36.0, 255.0, 139.78, 177.8, 0.0, 0.0, 128.0
1.785225396996E12, 129.59, 3.589, 36.0, 255.0, 139.78, 177.8, 0.0, 0.0, 128.0
1.78522539752E12, 130.12, 3.589, 36.0, 255.0, 139.78, 177.8, 0.0, 0.0, 128.0
1.785225398045E12, 130.62, 3.758, 35.0, 255.0, 133.52, 177.02, 0.0, 0.0, 128.0
1.785225398571E12, 131.12, 3.758, 35.0, 255.0, 133.52, 177.02, 0.0, 0.0, 128.0
1.785225399021E12, 131.61, 3.758, 35.0, 255.0, 133.52, 177.02, 0.0, 0.0, 128.0
1.785225399545E12, 132.14000000000001, 3.758, 35.0, 255.0, 133.52, 177.02, 0.0, 0.0, 128.0
1.785225400071E12, 132.64000000000001, 3.841, 35.0, 255.0, 130.66, 176.20000000000002, 0.0, 0.0, 128.0
1.78522540052E12, 133.13, 3.841, 35.0, 255.0, 130.66, 176.20000000000002, 0.0, 0.0, 128.0
1.785225401046E12, 133.67000000000002, 3.841, 35.0, 255.0, 130.66, 176.20000000000002, 0.0, 0.0, 128.0
1.785225401571E12, 134.15, 3.823, 33.0, 255.0, 131.25, 175.38, 0.0, 0.0, 128.0
1.785225402095E12, 134.65, 3.823, 33.0, 255.0, 131.25, 175.38, 0.0, 0.0, 128.0
1.785225402546E12, 135.16, 3.823, 33.0, 255.0, 131.25, 175.38, 0.0, 0.0, 128.0
1.78522540307E12, 135.68, 3.823, 33.0, 255.0, 131.25, 175.38, 0.0, 0.0, 128.0
1.785225403596E12, 136.19, 3.815, 34.0, 255.0, 131.53, 174.61, 0.0, 0.0, 128.0
1.785225404121E12, 136.68, 3.815, 34.0, 255.0, 131.53, 174.61, 0.0, 0.0, 128.0
1.785225404646E12, 137.20000000000002, 3.815, 34.0, 255.0, 131.53, 174.61, 0.0, 0.0, 128.0
1.785225405095E12, 137.70000000000002, 3.7920000000000003, 34.0, 255.0, 132.32, 173.88, 0.0, 0.0, 128.0
1.78522540577E12, 138.20000000000002, 3.7920000000000003, 34.0, 255.0, 132.32, 173.88, 0.0, 0.0, 128.0
1.785225406145E12, 138.69, 3.7920000000000003, 34.0, 255.0, 132.32, 173.88, 0.0, 0.0, 128.0
1.785225406595E12, 139.19, 3.7920000000000003, 34.0, 255.0, 132.32, 173.88, 0.0, 0.0, 128.0
1.78522540712E12, 139.70000000000002, 3.754, 33.0, 255.0, 133.67000000000002, 173.19, 0.0, 0.0, 128.0
1.785225407645E12, 140.20000000000002, 3.754, 33.0, 255.0, 133.67000000000002, 173.19, 0.0, 0.0, 128.0
1.785225408095E12, 140.69, 3.754, 33.0, 255.0, 133.67000000000002, 173.19, 0.0, 0.0, 128.0
1.78522540862E12, 141.20000000000002, 3.754, 33.0, 255.0, 133.67000000000002, 173.19, 0.0, 0.0, 128.0
1.785225409145E12, 141.70000000000002, 3.717, 32.0, 255.0, 135.01, 172.54, 0.0, 0.0, 128.0
1.785225409595E12, 142.20000000000002, 3.717, 32.0, 255.0, 135.01, 172.54, 0.0, 0.0, 128.0
1.78522541012E12, 142.70000000000002, 3.717, 32.0, 255.0, 135.01, 172.54, 0.0, 0.0, 128.0
1.785225410645E12, 143.19, 3.66, 33.0, 255.0, 137.1, 171.97, 0.0, 0.0, 128.0
1.785225411095E12, 143.69, 3.66, 33.0, 255.0, 137.1, 171.97, 0.0, 0.0, 128.0
1.78522541162E12, 144.19, 3.66, 33.0, 255.0, 137.1, 171.97, 0.0, 0.0, 128.0
1.785225412145E12, 144.70000000000002, 3.66, 33.0, 255.0, 137.1, 171.97, 0.0, 0.0, 128.0
1.785225412594E12, 145.20000000000002, 3.674, 33.0, 255.0, 136.59, 171.4, 0.0, 0.0, 128.0
1.785225413195E12, 145.71, 3.674, 33.0, 255.0, 136.59, 171.4, 0.0, 0.0, 128.0
1.785225413645E12, 146.21, 3.674, 33.0, 255.0, 136.59, 171.4, 0.0, 0.0, 128.0
1.785225414171E12, 146.72, 3.6750000000000003, 35.0, 255.0, 136.52, 170.87, 0.0, 0.0, 128.0
1.78522541462E12, 147.22, 3.6750000000000003, 35.0, 255.0, 136.52, 170.87, 0.0, 0.0, 128.0
1.785225415145E12, 147.73, 3.6750000000000003, 35.0, 255.0, 136.52, 170.87, 0.0, 0.0, 128.0
1.785225415745E12, 148.22, 3.6750000000000003, 35.0, 255.0, 136.52, 170.87, 0.0, 0.0, 128.0
1.785225416125E12, 148.72, 3.658, 33.0, 255.0, 137.17000000000002, 170.35, 0.0, 0.0, 128.0
1.785225416645E12, 149.23, 3.658, 33.0, 255.0, 137.17000000000002, 170.35, 0.0, 0.0, 128.0
1.78522541717E12, 149.73, 3.658, 33.0, 255.0, 137.17000000000002, 170.35, 0.0, 0.0, 128.0
1.78522541762E12, 150.23, 3.658, 33.0, 255.0, 137.17000000000002, 170.35, 0.0, 0.0, 128.0
1.785225418145E12, 150.74, 3.649, 32.0, 255.0, 137.5, 169.83, 0.0, 0.0, 128.0
1.785225418669E12, 151.23, 3.649, 32.0, 255.0, 137.5, 169.83, 0.0, 0.0, 128.0
1.78522541912E12, 151.72, 3.649, 32.0, 255.0, 137.5, 169.83, 0.0, 0.0, 128.0
1.785225419645E12, 152.25, 3.649, 32.0, 255.0, 137.5, 169.83, 0.0, 0.0, 128.0
1.78522542017E12, 152.75, 3.63, 29.0, 255.0, 138.22, 169.3, 0.0, 0.0, 128.0
1.785225420695E12, 153.24, 3.63, 29.0, 255.0, 138.22, 169.3, 0.0, 0.0, 128.0
1.785225421145E12, 153.73, 3.63, 29.0, 255.0, 138.22, 169.3, 0.0, 0.0, 128.0
1.785225421669E12, 154.27, 3.63, 29.0, 255.0, 138.22, 169.3, 0.0, 0.0, 128.0
1.785225422196E12, 154.76, 3.612, 32.0, 255.0, 138.9, 168.84, 0.0, 0.0, 128.0
1.785225422645E12, 155.26, 3.612, 32.0, 255.0, 138.9, 168.84, 0.0, 0.0, 128.0
1.78522542317E12, 155.75, 3.612, 32.0, 255.0, 138.9, 168.84, 0.0, 0.0, 128.0
1.78522542377E12, 156.28, 3.612, 32.0, 255.0, 138.9, 168.84, 0.0, 0.0, 128.0
1.785225424219E12, 156.78, 3.419, 29.0, 255.0, 146.73, 168.49, 0.0, 0.0, 128.0
1.785225424669E12, 157.27, 3.419, 29.0, 255.0, 146.73, 168.49, 0.0, 0.0, 128.0
1.785225425194E12, 157.78, 3.419, 29.0, 255.0, 146.73, 168.49, 0.0, 0.0, 128.0
1.785225425719E12, 158.3, 3.419, 29.0, 255.0, 146.73, 168.49, 0.0, 0.0, 128.0
1.785225426245E12, 158.8, 3.224, 30.0, 255.0, 155.57, 168.31, 0.0, 0.0, 128.0
1.785225426695E12, 159.3, 3.224, 30.0, 255.0, 155.57, 168.31, 0.0, 0.0, 128.0
1.785225427221E12, 159.81, 3.224, 30.0, 255.0, 155.57, 168.31, 0.0, 0.0, 128.0
1.785225427745E12, 160.33, 3.224, 30.0, 255.0, 155.57, 168.31, 0.0, 0.0, 128.0
1.785225428269E12, 160.82, 3.217, 28.0, 255.0, 155.91, 168.13, 0.0, 0.0, 128.0
1.785225428721E12, 161.32, 3.217, 28.0, 255.0, 155.91, 168.13, 0.0, 0.0, 128.0
1.785225429245E12, 161.85, 3.217, 28.0, 255.0, 155.91, 168.13, 0.0, 0.0, 128.0
1.785225429769E12, 162.35, 3.217, 28.0, 255.0, 155.91, 168.13, 0.0, 0.0, 128.0
1.785225430294E12, 162.85, 3.815, 32.0, 255.0, 131.53, 167.58, 0.0, 0.0, 128.0
1.785225430744E12, 163.35, 3.815, 32.0, 255.0, 131.53, 167.58, 0.0, 0.0, 128.0
1.78522543127E12, 163.87, 3.815, 32.0, 255.0, 131.53, 167.58, 0.0, 0.0, 128.0
1.785225431795E12, 164.36, 3.977, 32.0, 255.0, 126.2, 166.94, 0.0, 0.0, 128.0
1.785225432244E12, 164.86, 3.977, 32.0, 255.0, 126.2, 166.94, 0.0, 0.0, 128.0
1.78522543277E12, 165.36, 3.977, 32.0, 255.0, 126.2, 166.94, 0.0, 0.0, 128.0
1.785225433295E12, 165.87, 3.977, 32.0, 255.0, 126.2, 166.94, 0.0, 0.0, 128.0
1.785225433744E12, 166.37, 3.971, 30.0, 255.0, 126.4, 166.3, 0.0, 0.0, 128.0
1.78522543427E12, 166.86, 3.971, 30.0, 255.0, 126.4, 166.3, 0.0, 0.0, 128.0
1.785225434795E12, 167.35, 3.971, 30.0, 255.0, 126.4, 166.3, 0.0, 0.0, 128.0
1.78522543532E12, 167.86, 3.971, 30.0, 255.0, 126.4, 166.3, 0.0, 0.0, 128.0
1.78522543577E12, 168.36, 3.9010000000000002, 29.0, 255.0, 128.65, 165.69, 0.0, 0.0, 128.0
1.785225436295E12, 168.86, 3.9010000000000002, 29.0, 255.0, 128.65, 165.69, 0.0, 0.0, 128.0
1.785225436745E12, 169.37, 3.9010000000000002, 29.0, 255.0, 128.65, 165.69, 0.0, 0.0, 128.0
1.785225437269E12, 169.87, 3.9010000000000002, 29.0, 255.0, 128.65, 165.69, 0.0, 0.0, 128.0
1.785225437795E12, 170.37, 3.9010000000000002, 29.0, 255.0, 128.65, 165.69, 0.0, 0.0, 128.0
1.78522543832E12, 170.87, 3.834, 28.0, 255.0, 130.87, 165.14000000000001, 0.0, 0.0, 128.0
1.785225438771E12, 171.37, 3.834, 28.0, 255.0, 130.87, 165.14000000000001, 0.0, 0.0, 128.0
1.785225439295E12, 171.86, 3.834, 28.0, 255.0, 130.87, 165.14000000000001, 0.0, 0.0, 128.0
1.785225439819E12, 172.37, 3.834, 28.0, 255.0, 130.87, 165.14000000000001, 0.0, 0.0, 128.0
1.785225440345E12, 172.87, 3.834, 28.0, 255.0, 130.87, 165.14000000000001, 0.0, 0.0, 128.0
1.785225440795E12, 173.36, 3.834, 28.0, 255.0, 130.87, 165.14000000000001, 0.0, 0.0, 128.0
1.785225441319E12, 173.86, 3.834, 28.0, 255.0, 130.87, 165.14000000000001, 0.0, 0.0, 128.0
1.78522544177E12, 174.35, 3.834, 28.0, 255.0, 130.87, 165.14000000000001, 0.0, 0.0, 128.0
1.785225442294E12, 174.86, 3.834, 28.0, 255.0, 130.87, 165.14000000000001, 0.0, 0.0, 128.0
1.785225442819E12, 175.34, 3.834, 28.0, 255.0, 130.87, 165.14000000000001, 0.0, 0.0, 128.0
1.78522544327E12, 175.84, 3.834, 28.0, 255.0, 130.87, 165.14000000000001, 0.0, 0.0, 128.0
1.785225443795E12, 176.36, 3.834, 28.0, 255.0, 130.87, 165.14000000000001, 0.0, 0.0, 128.0
1.78522544432E12, 176.42000000000002, 3.834, 28.0, 255.0, 130.87, 165.08, 0.0, 0.0, 128.0
1.78522544477E12, 176.42000000000002, 3.834, 28.0, 255.0, 130.87, 165.08, 0.0, 0.0, 128.0
1.785225445294E12, 176.42000000000002, 3.834, 28.0, 255.0, 130.87, 165.08, 0.0, 0.0, 128.0
1.785225445818E12, 176.42000000000002, 3.834, 28.0, 255.0, 130.87, 165.08, 0.0, 0.0, 128.0
1.78522544627E12, 176.42000000000002, 3.834, 28.0, 255.0, 130.87, 165.08, 0.0, 0.0, 128.0
1.785225446794E12, 176.42000000000002, 3.834, 28.0, 255.0, 130.87, 165.08, 0.0, 0.0, 128.0
1.785225447319E12, 176.42000000000002, 3.834, 28.0, 255.0, 130.87, 165.08, 0.0, 0.0, 128.0
1.78522544777E12, 176.42000000000002, 3.834, 28.0, 255.0, 130.87, 165.08, 0.0, 0.0, 128.0
1.785225448295E12, 176.42000000000002, 3.834, 28.0, 255.0, 130.87, 165.08, 0.0, 0.0, 128.0
1.785225448819E12, 176.42000000000002, 3.834, 28.0, 255.0, 130.87, 165.08, 0.0, 0.0, 128.0
1.78522544927E12, 176.42000000000002, 3.834, 28.0, 255.0, 130.87, 165.08, 0.0, 0.0, 128.0
1.78522544987E12, 176.42000000000002, 3.834, 28.0, 255.0, 130.87, 165.08, 0.0, 0.0, 128.0
1.78522545032E12, 176.42000000000002, 3.834, 28.0, 255.0, 130.87, 165.08, 0.0, 0.0, 128.0
1.785225450772E12, 176.42000000000002, 3.834, 28.0, 255.0, 130.87, 165.08, 0.0, 0.0, 128.0
1.785225451294E12, 176.42000000000002, 3.834, 28.0, 255.0, 130.87, 165.08, 0.0, 0.0, 128.0
1.785225451819E12, 176.42000000000002, 3.834, 28.0, 255.0, 130.87, 165.08, 0.0, 0.0, 128.0
1.785225452269E12, 176.42000000000002, 3.834, 28.0, 255.0, 130.87, 165.08, 0.0, 0.0, 128.0
1.785225452795E12, 176.42000000000002, 3.834, 28.0, 255.0, 130.87, 165.08, 0.0, 0.0, 128.0
1.78522545332E12, 176.42000000000002, 3.834, 28.0, 255.0, 130.87, 165.08, 0.0, 0.0, 128.0
1.78522545377E12, 176.42000000000002, 3.834, 28.0, 255.0, 130.87, 165.08, 0.0, 0.0, 128.0
1.785225454369E12, 176.42000000000002, 3.834, 28.0, 255.0, 130.87, 165.08, 0.0, 0.0, 128.0
1.785225454819E12, 176.42000000000002, 3.834, 28.0, 255.0, 130.87, 165.08, 0.0, 0.0, 128.0
1.78522545527E12, 176.42000000000002, 3.834, 28.0, 255.0, 130.87, 165.08, 0.0, 0.0, 128.0
1.785225455795E12, 176.42000000000002, 3.834, 28.0, 255.0, 130.87, 165.08, 0.0, 0.0, 128.0
1.785225456319E12, 176.42000000000002, 3.834, 28.0, 255.0, 130.87, 165.08, 0.0, 0.0, 128.0
1.78522545677E12, 176.42000000000002, 3.834, 28.0, 255.0, 130.87, 165.08, 0.0, 0.0, 128.0
1.785225457294E12, 176.42000000000002, 3.834, 28.0, 255.0, 130.87, 165.08, 0.0, 0.0, 128.0
1.785225457818E12, 176.42000000000002, 3.834, 28.0, 255.0, 130.87, 165.08, 0.0, 0.0, 128.0
1.78522545827E12, 176.42000000000002, 3.834, 28.0, 255.0, 130.87, 165.08, 0.0, 0.0, 128.0
1.785225458869E12, 176.42000000000002, 3.834, 28.0, 255.0, 130.87, 165.08, 0.0, 0.0, 128.0
1.78522545932E12, 176.42000000000002, 3.834, 28.0, 255.0, 130.87, 165.08, 0.0, 0.0, 128.0
1.78522545977E12, 176.42000000000002, 3.834, 28.0, 255.0, 130.87, 165.08, 0.0, 0.0, 128.0
1.785225460294E12, 176.42000000000002, 3.834, 28.0, 255.0, 130.87, 165.08, 0.0, 0.0, 128.0
1.78522546082E12, 176.42000000000002, 3.834, 28.0, 255.0, 130.87, 165.08, 0.0, 0.0, 128.0
1.785225461269E12, 176.42000000000002, 3.834, 28.0, 255.0, 130.87, 165.08, 0.0, 0.0, 128.0
1.785225461869E12, 176.42000000000002, 3.834, 28.0, 255.0, 130.87, 165.08, 0.0, 0.0, 128.0
1.785225462319E12, 176.42000000000002, 3.834, 28.0, 255.0, 130.87, 165.08, 0.0, 0.0, 128.0
1.78522546277E12, 176.42000000000002, 3.834, 28.0, 255.0, 130.87, 165.08, 0.0, 0.0, 128.0
1.785225463369E12, 176.42000000000002, 3.834, 28.0, 255.0, 130.87, 165.08, 0.0, 0.0, 128.0
1.78522546382E12, 176.42000000000002, 3.834, 28.0, 255.0, 130.87, 165.08, 0.0, 0.0, 128.0
1.785225464269E12, 176.42000000000002, 3.834, 28.0, 255.0, 130.87, 165.08, 0.0, 0.0, 128.0
1.785225464794E12, 176.42000000000002, 3.834, 28.0, 255.0, 130.87, 165.08, 0.0, 0.0, 128.0
1.785225465319E12, 176.42000000000002, 3.834, 28.0, 255.0, 130.87, 165.08, 0.0, 0.0, 128.0
1.78522546577E12, 176.42000000000002, 3.834, 28.0, 255.0, 130.87, 165.08, 0.0, 0.0, 128.0
1.785225466294E12, 176.42000000000002, 3.834, 28.0, 255.0, 130.87, 165.08, 0.0, 0.0, 128.0
1.785225466896E12, 176.42000000000002, 3.834, 28.0, 255.0, 130.87, 165.08, 0.0, 0.0, 128.0
1.785225467269E12, 176.42000000000002, 3.834, 28.0, 255.0, 130.87, 165.08, 0.0, 0.0, 128.0
1.785225467869E12, 176.42000000000002, 3.834, 28.0, 255.0, 130.87, 165.08, 0.0, 0.0, 128.0
1.785225468319E12, 176.42000000000002, 3.834, 28.0, 255.0, 130.87, 165.08, 0.0, 0.0, 128.0
1.785225468769E12, 176.42000000000002, 3.834, 28.0, 255.0, 130.87, 165.08, 0.0, 0.0, 128.0
1.785225469369E12, 176.42000000000002, 3.834, 28.0, 255.0, 130.87, 165.08, 0.0, 0.0, 128.0
1.78522546982E12, 176.42000000000002, 3.834, 28.0, 255.0, 130.87, 165.08, 0.0, 0.0, 128.0
1.785225470269E12, 176.42000000000002, 3.834, 28.0, 255.0, 130.87, 165.08, 0.0, 0.0, 128.0
1.785225470794E12, 176.42000000000002, 3.834, 28.0, 255.0, 130.87, 165.08, 0.0, 0.0, 128.0
1.785225471319E12, 176.42000000000002, 3.834, 28.0, 255.0, 130.87, 165.08, 0.0, 0.0, 128.0
1.785225471769E12, 176.42000000000002, 3.834, 28.0, 255.0, 130.87, 165.08, 0.0, 0.0, 128.0
1.785225472294E12, 176.42000000000002, 3.834, 28.0, 255.0, 130.87, 165.08, 0.0, 0.0, 128.0
1.78522547282E12, 176.42000000000002, 3.834, 28.0, 255.0, 130.87, 165.08, 0.0, 0.0, 128.0
1.78522547327E12, 176.42000000000002, 3.834, 28.0, 255.0, 130.87, 165.08, 0.0, 0.0, 128.0
1.785225473794E12, 176.42000000000002, 3.834, 28.0, 255.0, 130.87, 165.08, 0.0, 0.0, 128.0
1.785225474319E12, 176.42000000000002, 3.834, 28.0, 255.0, 130.87, 165.08, 0.0, 0.0, 128.0
1.78522547477E12, 176.42000000000002, 3.834, 28.0, 255.0, 130.87, 165.08, 0.0, 0.0, 128.0
1.785225475294E12, 176.42000000000002, 3.834, 28.0, 255.0, 130.87, 165.08, 0.0, 0.0, 128.0
1.785225475819E12, 176.42000000000002, 3.834, 28.0, 255.0, 130.87, 165.08, 0.0, 0.0, 128.0
1.785225476269E12, 176.42000000000002, 3.834, 28.0, 255.0, 130.87, 165.08, 0.0, 0.0, 128.0
1.785225476794E12, 176.42000000000002, 3.834, 28.0, 255.0, 130.87, 165.08, 0.0, 0.0, 128.0
1.78522547732E12, 176.42000000000002, 3.834, 28.0, 255.0, 130.87, 165.08, 0.0, 0.0, 128.0
1.785225477769E12, 176.42000000000002, 3.834, 28.0, 255.0, 130.87, 165.08, 0.0, 0.0, 128.0
1.785225478369E12, 176.42000000000002, 3.834, 28.0, 255.0, 130.87, 165.08, 0.0, 0.0, 128.0
1.78522547882E12, 176.42000000000002, 3.834, 28.0, 255.0, 130.87, 165.08, 0.0, 0.0, 128.0
1.785225479269E12, 176.42000000000002, 3.834, 28.0, 255.0, 130.87, 165.08, 0.0, 0.0, 128.0
1.785225479795E12, 176.42000000000002, 3.834, 28.0, 255.0, 130.87, 165.08, 0.0, 0.0, 128.0
1.785225480319E12, 176.42000000000002, 3.834, 28.0, 255.0, 130.87, 165.08, 0.0, 0.0, 128.0
1.785225480769E12, 176.42000000000002, 3.834, 28.0, 255.0, 130.87, 165.08, 0.0, 0.0, 128.0
1.785225481295E12, 176.42000000000002, 3.834, 28.0, 255.0, 130.87, 165.08, 0.0, 0.0, 128.0
1.785225481893E12, 176.42000000000002, 3.834, 28.0, 255.0, 130.87, 165.08, 0.0, 0.0, 128.0
1.785225482344E12, 176.42000000000002, 3.834, 28.0, 255.0, 130.87, 165.08, 0.0, 0.0, 128.0
1.785225482794E12, 176.42000000000002, 3.834, 28.0, 255.0, 130.87, 165.08, 0.0, 0.0, 128.0
1.785225483319E12, 176.42000000000002, 3.834, 28.0, 255.0, 130.87, 165.08, 0.0, 0.0, 128.0
1.785225483769E12, 176.42000000000002, 3.834, 28.0, 255.0, 130.87, 165.08, 0.0, 0.0, 128.0
1.785225484294E12, 176.42000000000002, 3.834, 28.0, 255.0, 130.87, 165.08, 0.0, 0.0, 128.0
1.78522548482E12, 176.42000000000002, 3.834, 28.0, 255.0, 130.87, 165.08, 0.0, 0.0, 128.0
1.785225485268E12, 176.42000000000002, 3.834, 28.0, 255.0, 130.87, 165.08, 0.0, 0.0, 128.0
1.785225485795E12, 176.42000000000002, 3.834, 28.0, 255.0, 130.87, 165.08, 0.0, 0.0, 128.0
1.78522548632E12, 176.42000000000002, 3.834, 28.0, 255.0, 130.87, 165.08, 0.0, 0.0, 128.0
1.785225486843E12, 176.42000000000002, 3.834, 28.0, 255.0, 130.87, 165.08, 0.0, 0.0, 128.0
1.785225487294E12, 176.42000000000002, 3.834, 28.0, 255.0, 130.87, 165.08, 0.0, 0.0, 128.0
1.785225487819E12, 176.42000000000002, 0.0, 0.0, 255.0, 0.0, 0.0, 0.0, 0.0, 128.0
1.785225488269E12, 176.42000000000002, 0.0, 0.0, 255.0, 0.0, 0.0, 0.0, 0.0, 128.0
1.785225488794E12, 176.42000000000002, 0.0, 0.0, 255.0, 0.0, 0.0, 0.0, 0.0, 128.0
1.785225489319E12, 176.42000000000002, 0.0, 0.0, 255.0, 0.0, 0.0, 0.0, 0.0, 128.0
1.785225489845E12, 176.42000000000002, 0.0, 0.0, 255.0, 0.0, 0.0, 0.0, 0.0, 128.0
1.785225490293E12, 176.42000000000002, 0.0, 0.0, 255.0, 0.0, 0.0, 0.0, 0.0, 128.0
1.785225490819E12, 176.42000000000002, 0.0, 0.0, 255.0, 0.0, 0.0, 0.0, 0.0, 128.0
1.785225491345E12, 176.42000000000002, 0.0, 0.0, 255.0, 0.0, 0.0, 0.0, 0.0, 128.0
1.785225491868E12, 176.42000000000002, 0.0, 0.0, 255.0, 0.0, 0.0, 0.0, 0.0, 128.0
1.785225492318E12, 176.42000000000002, 0.0, 0.0, 255.0, 0.0, 0.0, 0.0, 0.0, 128.0
1.785225492769E12, 176.42000000000002, 0.0, 0.0, 255.0, 0.0, 0.0, 0.0, 0.0, 128.0
1.785225493368E12, 176.42000000000002, 0.0, 0.0, 255.0, 0.0, 0.0, 0.0, 0.0, 128.0
1.785225493819E12, 176.42000000000002, 0.0, 0.0, 255.0, 0.0, 0.0, 0.0, 0.0, 128.0
1.785225494269E12, 176.42000000000002, 0.0, 0.0, 255.0, 0.0, 0.0, 0.0, 0.0, 128.0
1.785225494871E12, 176.42000000000002, 0.0, 0.0, 255.0, 0.0, 0.0, 0.0, 0.0, 128.0
1.785225495319E12, 176.42000000000002, 0.0, 0.0, 255.0, 0.0, 0.0, 0.0, 0.0, 128.0
1.785225495769E12, 176.42000000000002, 0.0, 0.0, 255.0, 0.0, 0.0, 0.0, 0.0, 128.0
1.785225496293E12, 176.42000000000002, 0.0, 0.0, 255.0, 0.0, 0.0, 0.0, 0.0, 128.0
1.785225496819E12, 176.42000000000002, 0.0, 0.0, 255.0, 0.0, 0.0, 0.0, 0.0, 128.0
1.785225497269E12, 176.42000000000002, 0.0, 0.0, 255.0, 0.0, 0.0, 0.0, 0.0, 128.0
1.785225497794E12, 176.42000000000002, 0.0, 0.0, 255.0, 0.0, 0.0, 0.0, 0.0, 128.0
1.785225498318E12, 176.42000000000002, 0.0, 0.0, 255.0, 0.0, 0.0, 0.0, 0.0, 128.0
1.785225498769E12, 176.42000000000002, 0.0, 0.0, 255.0, 0.0, 0.0, 0.0, 0.0, 128.0
1.785225499294E12, 176.42000000000002, 0.0, 0.0, 255.0, 0.0, 0.0, 0.0, 0.0, 128.0
1.785225499818E12, 176.42000000000002, 0.0, 0.0, 255.0, 0.0, 0.0, 0.0, 0.0, 128.0
1.785225500269E12, 176.42000000000002, 0.0, 0.0, 255.0, 0.0, 0.0, 0.0, 0.0, 128.0
1.785225500794E12, 176.42000000000002, 0.0, 0.0, 255.0, 0.0, 0.0, 0.0, 0.0, 128.0
1.78522550132E12, 176.42000000000002, 0.0, 0.0, 255.0, 0.0, 0.0, 0.0, 0.0, 128.0
1.785225501768E12, 176.42000000000002, 0.0, 0.0, 255.0, 0.0, 0.0, 0.0, 0.0, 128.0
1.785225502296E12, 176.42000000000002, 0.0, 0.0, 255.0, 0.0, 0.0, 0.0, 0.0, 128.0
1.785225502818E12, 176.42000000000002, 0.0, 0.0, 255.0, 0.0, 0.0, 0.0, 0.0, 128.0
1.785225503268E12, 176.42000000000002, 0.0, 0.0, 255.0, 0.0, 0.0, 0.0, 0.0, 128.0
1.785225503868E12, 176.42000000000002, 0.0, 0.0, 255.0, 0.0, 0.0, 0.0, 0.0, 128.0
1.785225504319E12, 176.42000000000002, 0.0, 0.0, 255.0, 0.0, 0.0, 0.0, 0.0, 128.0
1.785225504846E12, 176.42000000000002, 0.0, 0.0, 255.0, 0.0, 0.0, 0.0, 0.0, 128.0
1.785225505294E12, 176.42000000000002, 0.0, 0.0, 255.0, 0.0, 0.0, 0.0, 0.0, 128.0
1.785225505819E12, 176.42000000000002, 0.0, 0.0, 255.0, 0.0, 0.0, 0.0, 0.0, 128.0
1.785225506268E12, 176.42000000000002, 0.0, 0.0, 255.0, 0.0, 0.0, 0.0, 0.0, 128.0
1.785225506794E12, 176.42000000000002, 0.0, 0.0, 255.0, 0.0, 0.0, 0.0, 0.0, 128.0
1.785225507319E12, 176.42000000000002, 0.0, 0.0, 255.0, 0.0, 0.0, 0.0, 0.0, 128.0
1.785225507768E12, 176.42000000000002, 0.0, 0.0, 255.0, 0.0, 0.0, 0.0, 0.0, 128.0
1.785225508294E12, 176.42000000000002, 0.0, 0.0, 255.0, 0.0, 0.0, 0.0, 0.0, 128.0
1.785225508819E12, 176.42000000000002, 0.0, 0.0, 255.0, 0.0, 0.0, 0.0, 0.0, 128.0
1.785225509269E12, 176.42000000000002, 0.0, 0.0, 255.0, 0.0, 0.0, 0.0, 0.0, 128.0
1.785225509794E12, 176.42000000000002, 0.0, 0.0, 255.0, 0.0, 0.0, 0.0, 0.0, 128.0
1.785225510318E12, 176.42000000000002, 0.0, 0.0, 255.0, 0.0, 0.0, 0.0, 0.0, 128.0
1.785225510768E12, 176.42000000000002, 0.0, 0.0, 255.0, 0.0, 0.0, 0.0, 0.0, 128.0
1.785225511293E12, 176.42000000000002, 0.0, 0.0, 255.0, 0.0, 0.0, 0.0, 0.0, 128.0
1.785225511818E12, 176.42000000000002, 0.0, 0.0, 255.0, 0.0, 0.0, 0.0, 0.0, 128.0
1.785225512268E12, 176.42000000000002, 0.0, 0.0, 255.0, 0.0, 0.0, 0.0, 0.0, 128.0
1.785225512794E12, 176.42000000000002, 0.0, 0.0, 255.0, 0.0, 0.0, 0.0, 0.0, 128.0
1.785225513318E12, 176.42000000000002, 0.0, 0.0, 255.0, 0.0, 0.0, 0.0, 0.0, 128.0
1.785225513767E12, 176.42000000000002, 0.0, 0.0, 255.0, 0.0, 0.0, 0.0, 0.0, 128.0
1.785225514294E12, 176.42000000000002, 0.0, 0.0, 255.0, 0.0, 0.0, 0.0, 0.0, 128.0
1.785225514818E12, 176.42000000000002, 0.0, 0.0, 255.0, 0.0, 0.0, 0.0, 0.0, 128.0
1.785225515268E12, 176.42000000000002, 0.0, 0.0, 255.0, 0.0, 0.0, 0.0, 0.0, 128.0
1.785225515793E12, 176.42000000000002, 0.0, 0.0, 255.0, 0.0, 0.0, 0.0, 0.0, 128.0
1.785225516318E12, 176.42000000000002, 0.0, 0.0, 255.0, 0.0, 0.0, 0.0, 0.0, 128.0
1.785225516769E12, 176.42000000000002, 0.0, 0.0, 255.0, 0.0, 0.0, 0.0, 0.0, 128.0
1.785225517368E12, 176.42000000000002, 0.0, 0.0, 255.0, 0.0, 0.0, 0.0, 0.0, 128.0
1.785225517819E12, 176.42000000000002, 0.0, 0.0, 255.0, 0.0, 0.0, 0.0, 0.0, 128.0
1.785225518269E12, 176.42000000000002, 0.0, 0.0, 255.0, 0.0, 0.0, 0.0, 0.0, 128.0
1.785225518793E12, 176.42000000000002, 0.0, 0.0, 255.0, 0.0, 0.0, 0.0, 0.0, 128.0
1.785225519318E12, 176.42000000000002, 0.0, 0.0, 255.0, 0.0, 0.0, 0.0, 0.0, 128.0
1.785225519769E12, 176.42000000000002, 0.0, 0.0, 255.0, 0.0, 0.0, 0.0, 0.0, 128.0
1.785225520294E12, 176.42000000000002, 0.0, 0.0, 255.0, 0.0, 0.0, 0.0, 0.0, 128.0
1.785225520819E12, 176.42000000000002, 0.0, 0.0, 255.0, 0.0, 0.0, 0.0, 0.0, 128.0
1.785225521268E12, 176.42000000000002, 0.0, 0.0, 255.0, 0.0, 0.0, 0.0, 0.0, 128.0
1.785225521793E12, 176.42000000000002, 0.0, 0.0, 255.0, 0.0, 0.0, 0.0, 0.0, 128.0
1.785225522318E12, 176.42000000000002, 0.0, 0.0, 255.0, 0.0, 0.0, 0.0, 0.0, 128.0
1.785225522768E12, 176.42000000000002, 0.0, 0.0, 255.0, 0.0, 0.0, 0.0, 0.0, 128.0
1.785225523294E12, 176.42000000000002, 0.0, 0.0, 255.0, 0.0, 0.0, 0.0, 0.0, 128.0
1.785225523819E12, 176.42000000000002, 0.0, 0.0, 255.0, 0.0, 0.0, 0.0, 0.0, 128.0
1.785225524268E12, 176.42000000000002, 0.0, 0.0, 255.0, 0.0, 0.0, 0.0, 0.0, 128.0
1.785225524793E12, 176.42000000000002, 0.0, 0.0, 255.0, 0.0, 0.0, 0.0, 0.0, 128.0
1.785225525318E12, 176.42000000000002, 0.0, 0.0, 255.0, 0.0, 0.0, 0.0, 0.0, 128.0
1.785225525769E12, 176.42000000000002, 0.0, 0.0, 255.0, 0.0, 0.0, 0.0, 0.0, 128.0
1.785225526368E12, 176.42000000000002, 0.0, 0.0, 255.0, 0.0, 0.0, 0.0, 0.0, 128.0
1.785225526818E12, 176.42000000000002, 0.0, 0.0, 255.0, 0.0, 0.0, 0.0, 0.0, 128.0
1.785225527268E12, 176.42000000000002, 0.0, 0.0, 255.0, 0.0, 0.0, 0.0, 0.0, 128.0
1.785225527793E12, 176.42000000000002, 0.0, 0.0, 255.0, 0.0, 0.0, 0.0, 0.0, 128.0
1.78522552832E12, 176.42000000000002, 0.0, 0.0, 255.0, 0.0, 0.0, 0.0, 0.0, 128.0
1.785225528769E12, 176.42000000000002, 0.0, 0.0, 255.0, 0.0, 0.0, 0.0, 0.0, 128.0
1.785225529293E12, 176.42000000000002, 0.0, 0.0, 255.0, 0.0, 0.0, 0.0, 0.0, 128.0
1.785225529818E12, 176.42000000000002, 0.0, 0.0, 255.0, 0.0, 0.0, 0.0, 0.0, 128.0
1.785225530268E12, 176.42000000000002, 0.0, 0.0, 255.0, 0.0, 0.0, 0.0, 0.0, 128.0
1.785225530945E12, 176.42000000000002, 0.0, 0.0, 255.0, 0.0, 0.0, 0.0, 0.0, 128.0
1.785225531318E12, 176.42000000000002, 0.0, 0.0, 255.0, 0.0, 0.0, 0.0, 0.0, 128.0
1.785225531769E12, 176.42000000000002, 0.0, 0.0, 255.0, 0.0, 0.0, 0.0, 0.0, 128.0
1.785225532293E12, 176.42000000000002, 0.0, 0.0, 255.0, 0.0, 0.0, 0.0, 0.0, 128.0
1.785225532818E12, 176.42000000000002, 0.0, 0.0, 255.0, 0.0, 0.0, 0.0, 0.0, 128.0
1.785225533268E12, 176.42000000000002, 0.0, 0.0, 255.0, 0.0, 0.0, 0.0, 0.0, 128.0
1.785225533793E12, 176.42000000000002, 0.0, 0.0, 255.0, 0.0, 0.0, 0.0, 0.0, 128.0
1.785225534467E12, 176.42000000000002, 0.0, 0.0, 255.0, 0.0, 0.0, 0.0, 0.0, 128.0
1.785225534768E12, 176.42000000000002, 0.0, 0.0, 255.0, 0.0, 0.0, 0.0, 0.0, 128.0
1.785225535367E12, 176.42000000000002, 0.0, 0.0, 255.0, 0.0, 0.0, 0.0, 0.0, 128.0
1.785225535819E12, 176.42000000000002, 0.0, 0.0, 255.0, 0.0, 0.0, 0.0, 0.0, 128.0
1.785225536268E12, 176.42000000000002, 0.0, 0.0, 255.0, 0.0, 0.0, 0.0, 0.0, 128.0
1.785225536793E12, 176.42000000000002, 0.0, 0.0, 255.0, 0.0, 0.0, 0.0, 0.0, 128.0
1.785225537318E12, 176.42000000000002, 0.0, 0.0, 255.0, 0.0, 0.0, 0.0, 0.0, 128.0
1.785225537769E12, 176.42000000000002, 0.0, 0.0, 255.0, 0.0, 0.0, 0.0, 0.0, 128.0
1.785225538293E12, 176.42000000000002, 0.0, 0.0, 255.0, 0.0, 0.0, 0.0, 0.0, 128.0
1.785225538818E12, 176.42000000000002, 0.0, 0.0, 255.0, 0.0, 0.0, 0.0, 0.0, 128.0
1.785225539268E12, 176.42000000000002, 0.0, 0.0, 255.0, 0.0, 0.0, 0.0, 0.0, 128.0
1.785225539868E12, 176.42000000000002, 0.0, 0.0, 255.0, 0.0, 0.0, 0.0, 0.0, 128.0
1.785225540318E12, 176.42000000000002, 0.0, 0.0, 255.0, 0.0, 0.0, 0.0, 0.0, 128.0
1.785225540768E12, 176.42000000000002, 0.0, 0.0, 255.0, 0.0, 0.0, 0.0, 0.0, 128.0
1.785225541293E12, 176.42000000000002, 0.0, 0.0, 255.0, 0.0, 0.0, 0.0, 0.0, 128.0
1.785225541818E12, 176.42000000000002, 0.0, 0.0, 255.0, 0.0, 0.0, 0.0, 0.0, 128.0
1.785225542269E12, 176.42000000000002, 0.0, 0.0, 255.0, 0.0, 0.0, 0.0, 0.0, 128.0
1.785225542943E12, 176.42000000000002, 0.0, 0.0, 255.0, 0.0, 0.0, 0.0, 0.0, 128.0
1.785225543393E12, 176.42000000000002, 0.0, 0.0, 255.0, 0.0, 0.0, 0.0, 0.0, 128.0
1.785225543768E12, 176.42000000000002, 0.0, 0.0, 255.0, 0.0, 0.0, 0.0, 0.0, 128.0
1.785225544368E12, 176.42000000000002, 0.0, 0.0, 255.0, 0.0, 0.0, 0.0, 0.0, 128.0
1.785225544819E12, 176.42000000000002, 0.0, 0.0, 255.0, 0.0, 0.0, 0.0, 0.0, 128.0
1.785225545268E12, 176.42000000000002, 0.0, 0.0, 255.0, 0.0, 0.0, 0.0, 0.0, 128.0
1.785225545793E12, 176.42000000000002, 0.0, 0.0, 255.0, 0.0, 0.0, 0.0, 0.0, 128.0
1.785225546318E12, 176.42000000000002, 0.0, 0.0, 255.0, 0.0, 0.0, 0.0, 0.0, 128.0
1.785225546769E12, 176.42000000000002, 0.0, 0.0, 255.0, 0.0, 0.0, 0.0, 0.0, 128.0
1.785225547293E12, 176.42000000000002, 0.0, 0.0, 255.0, 0.0, 0.0, 0.0, 0.0, 128.0
1.785225547894E12, 176.42000000000002, 0.0, 0.0, 255.0, 0.0, 0.0, 0.0, 0.0, 128.0
1.785225548269E12, 176.42000000000002, 0.0, 0.0, 255.0, 0.0, 0.0, 0.0, 0.0, 128.0
1.785225548794E12, 176.42000000000002, 0.0, 0.0, 255.0, 0.0, 0.0, 0.0, 0.0, 128.0
1.785225549319E12, 176.42000000000002, 0.0, 0.0, 255.0, 0.0, 0.0, 0.0, 0.0, 128.0
1.785225549768E12, 176.42000000000002, 0.0, 0.0, 255.0, 0.0, 0.0, 0.0, 0.0, 128.0
1.785225550293E12, 176.42000000000002, 0.0, 0.0, 255.0, 0.0, 0.0, 0.0, 0.0, 128.0
1.785225550818E12, 176.42000000000002, 0.0, 0.0, 255.0, 0.0, 0.0, 0.0, 0.0, 128.0
1.785225551267E12, 176.42000000000002, 0.0, 0.0, 255.0, 0.0, 0.0, 0.0, 0.0, 128.0
1.785225551792E12, 176.42000000000002, 0.0, 0.0, 255.0, 0.0, 0.0, 0.0, 0.0, 128.0
1.785225552317E12, 176.42000000000002, 0.0, 0.0, 255.0, 0.0, 0.0, 0.0, 0.0, 128.0
1.785225552769E12, 176.42000000000002, 0.0, 0.0, 255.0, 0.0, 0.0, 0.0, 0.0, 128.0
1.785225553294E12, 176.42000000000002, 0.0, 0.0, 255.0, 0.0, 0.0, 0.0, 0.0, 128.0
1.785225553818E12, 176.42000000000002, 0.0, 0.0, 255.0, 0.0, 0.0, 0.0, 0.0, 128.0
1.785225554268E12, 176.42000000000002, 0.0, 0.0, 255.0, 0.0, 0.0, 0.0, 0.0, 128.0
1.785225554793E12, 176.42000000000002, 0.0, 0.0, 255.0, 0.0, 0.0, 0.0, 0.0, 128.0
1.785225555319E12, 176.42000000000002, 0.0, 0.0, 255.0, 0.0, 0.0, 0.0, 0.0, 128.0
1.785225555768E12, 176.42000000000002, 0.0, 0.0, 255.0, 0.0, 0.0, 0.0, 0.0, 128.0
1.785225556294E12, 176.42000000000002, 0.0, 0.0, 255.0, 0.0, 0.0, 0.0, 0.0, 128.0
1.785225556893E12, 176.42000000000002, 0.0, 0.0, 255.0, 0.0, 0.0, 0.0, 0.0, 128.0
1.785225557269E12, 176.42000000000002, 0.0, 0.0, 255.0, 0.0, 0.0, 0.0, 0.0, 128.0
1.785225557792E12, 176.42000000000002, 0.0, 0.0, 255.0, 0.0, 0.0, 0.0, 0.0, 128.0
