1.78522563722E12, 0.0, 0.0, 0.0, 0.0, 0.0, 0.0, 0.0, 0.0, 0.0, 0.0
1.785225659494E12, 1.33, 4.0, 1.3900000000000001, 1.16, 0.0, 3.33, 129.20000000000002, 89.4, 0.0, 1.0
1.78522566092E12, 2.7600000000000002, 9.200000000000001, 1.3900000000000001, 1.16, 1.35, 3.33, 129.20000000000002, 89.4, 0.0, 1.0
1.785225661594E12, 3.54, 12.200000000000001, 1.1500000000000001, 0.68, 1.35, 8.27, 161.70000000000002, 98.5, 323.8, 2.0
1.785225663169E12, 5.0600000000000005, 17.900000000000002, 1.1500000000000001, 0.68, 1.41, 8.27, 161.70000000000002, 98.5, 323.8, 2.0
1.785225663845E12, 5.73, 20.6, 1.09, 0.59, 1.41, 8.38, 174.70000000000002, 96.80000000000001, 342.0, 3.0
1.785225665495E12, 7.36, 26.900000000000002, 1.09, 0.59, 1.53, 8.38, 174.70000000000002, 96.80000000000001, 342.0, 3.0
1.785225666169E12, 8.06, 29.8, 1.12, 0.61, 1.53, 9.14, 151.20000000000002, 85.5, 394.40000000000003, 4.0
1.785225667744E12, 9.66, 35.9, 1.12, 0.61, 1.51, 9.14, 151.20000000000002, 85.5, 394.40000000000003, 4.0
1.785225668494E12, 10.36, 38.7, 1.12, 0.62, 1.51, 8.98, 139.3, 80.4, 378.3, 5.0
1.785225669995E12, 11.9, 44.5, 1.12, 0.62, 1.43, 8.98, 139.3, 80.4, 378.3, 5.0
1.785225670744E12, 12.61, 47.400000000000006, 1.1500000000000001, 0.63, 1.43, 8.700000000000001, 150.0, 88.30000000000001, 365.1, 6.0
1.785225672319E12, 14.24, 53.7, 1.1500000000000001, 0.63, 1.5, 8.700000000000001, 150.0, 88.30000000000001, 365.1, 6.0
1.785225672993E12, 14.89, 56.300000000000004, 1.06, 0.5700000000000001, 1.5, 8.85, 146.3, 84.0, 379.20000000000005, 7.0
1.785225674644E12, 16.51, 62.400000000000006, 1.06, 0.5700000000000001, 1.51, 8.85, 146.3, 84.0, 379.20000000000005, 7.0
1.785225675244E12, 17.17, 65.10000000000001, 1.09, 0.6, 1.51, 8.82, 150.4, 84.4, 363.6, 8.0
1.785225676969E12, 18.84, 71.3, 1.09, 0.6, 1.53, 8.82, 150.4, 84.4, 363.6, 8.0
1.785225677644E12, 19.52, 74.0, 1.09, 0.61, 1.53, 8.91, 123.5, 72.8, 362.6, 9.0
1.785225679218E12, 21.13, 79.9, 1.09, 0.61, 1.5, 8.91, 123.5, 72.8, 362.6, 9.0
1.785225679969E12, 21.86, 82.7, 1.09, 0.65, 1.5, 8.700000000000001, 131.6, 72.60000000000001, 335.8, 10.0
1.785225681621E12, 23.52, 88.7, 1.09, 0.65, 1.55, 8.700000000000001, 131.6, 72.60000000000001, 335.8, 10.0
1.785225682369E12, 24.26, 91.5, 1.12, 0.64, 1.55, 8.76, 134.0, 81.2, 333.1, 11.0
1.785225684019E12, 25.89, 97.5, 1.12, 0.64, 1.53, 8.76, 134.0, 81.2, 333.1, 11.0
1.785225684697E12, 26.62, 100.30000000000001, 1.12, 0.66, 1.53, 8.92, 125.0, 70.9, 347.5, 12.0
1.785225686344E12, 28.27, 106.30000000000001, 1.12, 0.66, 1.51, 8.92, 125.0, 70.9, 347.5, 12.0
1.785225687093E12, 28.98, 109.0, 1.12, 0.67, 1.51, 8.69, 136.70000000000002, 73.60000000000001, 330.3, 13.0
1.785225688745E12, 30.62, 115.0, 1.12, 0.67, 1.53, 8.69, 136.70000000000002, 73.60000000000001, 330.3, 13.0
1.78522568942E12, 31.32, 117.7, 1.09, 0.62, 1.53, 8.61, 134.20000000000002, 81.2, 331.1, 14.0
1.785225691068E12, 32.99, 123.80000000000001, 1.09, 0.62, 1.54, 8.61, 134.20000000000002, 81.2, 331.1, 14.0
1.785225691818E12, 33.68, 126.4, 1.06, 0.62, 1.54, 8.74, 140.3, 74.8, 337.40000000000003, 15.0
1.785225693394E12, 35.28, 132.3, 1.06, 0.62, 1.48, 8.74, 140.3, 74.8, 337.40000000000003, 15.0
1.785225694143E12, 36.01, 135.0, 1.12, 0.66, 1.48, 8.59, 131.6, 72.4, 328.20000000000005, 16.0
1.785225695718E12, 37.59, 140.8, 1.12, 0.66, 1.49, 8.59, 131.6, 72.4, 328.20000000000005, 16.0
1.785225696393E12, 38.29, 143.4, 1.06, 0.63, 1.49, 8.47, 118.10000000000001, 66.5, 322.0, 17.0
1.785225698043E12, 39.89, 149.1, 1.06, 0.63, 1.48, 8.47, 118.10000000000001, 66.5, 322.0, 17.0
1.785225698794E12, 40.660000000000004, 152.1, 1.18, 0.68, 1.48, 8.52, 158.10000000000002, 84.30000000000001, 315.20000000000005, 18.0
1.785225700368E12, 42.230000000000004, 157.9, 1.18, 0.68, 1.47, 8.52, 158.10000000000002, 84.30000000000001, 315.20000000000005, 18.0
1.785225701043E12, 42.96, 160.9, 1.18, 0.66, 1.47, 8.83, 152.5, 82.60000000000001, 359.0, 19.0
1.785225702693E12, 44.6, 167.10000000000002, 1.18, 0.66, 1.5, 8.83, 152.5, 82.60000000000001, 359.0, 19.0
1.785225703368E12, 45.29, 169.8, 1.12, 0.63, 1.5, 8.91, 138.0, 75.5, 368.1, 20.0
1.785225705019E12, 46.92, 175.8, 1.12, 0.63, 1.5, 8.91, 138.0, 75.5, 368.1, 20.0
1.785225705693E12, 47.61, 178.5, 1.09, 0.64, 1.5, 8.77, 124.10000000000001, 70.8, 348.70000000000005, 21.0
1.785225707418E12, 49.21, 184.3, 1.09, 0.64, 1.49, 8.77, 124.10000000000001, 70.8, 348.70000000000005, 21.0
1.785225708018E12, 49.95, 187.10000000000002, 1.12, 0.67, 1.49, 8.63, 121.60000000000001, 65.4, 328.3, 22.0
1.785225709593E12, 51.480000000000004, 192.60000000000002, 1.12, 0.67, 1.41, 8.63, 121.60000000000001, 65.4, 328.3, 22.0
1.785225710344E12, 52.24, 195.5, 1.1500000000000001, 0.7000000000000001, 1.41, 8.34, 128.70000000000002, 67.5, 309.90000000000003, 23.0
1.785225711917E12, 53.78, 201.0, 1.1500000000000001, 0.7000000000000001, 1.42, 8.34, 128.70000000000002, 67.5, 309.90000000000003, 23.0
1.785225712667E12, 54.51, 203.8, 1.12, 0.66, 1.42, 8.33, 135.70000000000002, 75.4, 313.6, 24.0
1.785225714243E12, 56.13, 209.70000000000002, 1.12, 0.66, 1.48, 8.33, 135.70000000000002, 75.4, 313.6, 24.0
1.785225714996E12, 56.83, 212.4, 1.12, 0.66, 1.48, 8.620000000000001, 149.70000000000002, 73.4, 332.8, 25.0
1.785225716567E12, 58.4, 218.20000000000002, 1.12, 0.66, 1.45, 8.620000000000001, 149.70000000000002, 73.4, 332.8, 25.0
1.785225717243E12, 59.15, 221.0, 1.12, 0.67, 1.45, 8.55, 113.10000000000001, 63.800000000000004, 328.20000000000005, 26.0
1.785225718892E12, 60.72, 226.60000000000002, 1.12, 0.67, 1.43, 8.55, 113.10000000000001, 63.800000000000004, 328.20000000000005, 26.0
1.785225719567E12, 61.44, 229.3, 1.12, 0.68, 1.43, 8.34, 138.8, 69.8, 309.3, 27.0
1.785225721142E12, 63.050000000000004, 235.10000000000002, 1.12, 0.68, 1.47, 8.34, 138.8, 69.8, 309.3, 27.0
1.785225721895E12, 63.77, 237.9, 1.1500000000000001, 0.66, 1.47, 8.49, 146.4, 80.10000000000001, 320.70000000000005, 28.0
1.785225723468E12, 65.33, 243.70000000000002, 1.1500000000000001, 0.66, 1.44, 8.49, 146.4, 80.10000000000001, 320.70000000000005, 28.0
1.785225724142E12, 66.04, 246.5, 1.1500000000000001, 0.64, 1.44, 8.620000000000001, 179.70000000000002, 95.2, 346.90000000000003, 29.0
1.785225725793E12, 67.71000000000001, 253.0, 1.1500000000000001, 0.64, 1.54, 8.620000000000001, 179.70000000000002, 95.2, 346.90000000000003, 29.0
1.785225726467E12, 68.34, 255.5, 1.03, 0.56, 1.54, 8.98, 136.20000000000002, 74.3, 385.6, 30.0
1.785225728042E12, 69.94, 261.40000000000003, 1.03, 0.56, 1.46, 8.98, 136.20000000000002, 74.3, 385.6, 30.0
1.785225728717E12, 70.62, 264.0, 1.09, 0.64, 1.46, 8.61, 121.5, 69.60000000000001, 338.1, 31.0
1.785225730367E12, 72.25, 270.0, 1.09, 0.64, 1.51, 8.61, 121.5, 69.60000000000001, 338.1, 31.0
1.785225731116E12, 72.96000000000001, 272.7, 1.06, 0.63, 1.51, 8.55, 140.20000000000002, 76.2, 324.70000000000005, 32.0
1.785225732617E12, 74.49, 278.2, 1.06, 0.63, 1.43, 8.55, 140.20000000000002, 76.2, 324.70000000000005, 32.0
1.785225733441E12, 75.23, 281.1, 1.12, 0.64, 1.43, 8.34, 138.4, 76.7, 322.3, 33.0
1.785225734942E12, 76.8, 286.8, 1.12, 0.64, 1.48, 8.34, 138.4, 76.7, 322.3, 33.0
1.785225735617E12, 77.49, 289.5, 1.03, 0.61, 1.48, 8.46, 129.0, 69.0, 326.20000000000005, 34.0
1.785225737193E12, 79.09, 295.1, 1.03, 0.61, 1.47, 8.46, 129.0, 69.0, 326.20000000000005, 34.0
1.785225737941E12, 79.83, 297.90000000000003, 1.1500000000000001, 0.7000000000000001, 1.47, 8.52, 134.5, 70.4, 314.0, 35.0
1.785225739593E12, 81.46000000000001, 303.90000000000003, 1.1500000000000001, 0.7000000000000001, 1.52, 8.52, 134.5, 70.4, 314.0, 35.0
1.785225740341E12, 82.2, 306.6, 1.12, 0.67, 1.52, 8.71, 139.70000000000002, 75.7, 329.3, 36.0
1.785225741916E12, 83.82000000000001, 312.6, 1.12, 0.67, 1.48, 8.71, 139.70000000000002, 75.7, 329.3, 36.0
1.785225742666E12, 84.56, 315.3, 1.1500000000000001, 0.7000000000000001, 1.48, 8.700000000000001, 123.7, 63.900000000000006, 332.3, 37.0
1.785225744317E12, 86.24, 321.3, 1.1500000000000001, 0.7000000000000001, 1.54, 8.700000000000001, 123.7, 63.900000000000006, 332.3, 37.0
1.785225745067E12, 86.95, 324.0, 1.12, 0.67, 1.54, 8.69, 152.20000000000002, 78.30000000000001, 320.8, 38.0
1.785225746716E12, 88.63, 330.20000000000005, 1.12, 0.67, 1.54, 8.69, 152.20000000000002, 78.30000000000001, 320.8, 38.0
1.785225747466E12, 89.35000000000001, 332.90000000000003, 1.09, 0.65, 1.54, 8.74, 118.2, 68.10000000000001, 332.20000000000005, 39.0
1.785225749191E12, 90.98, 338.70000000000005, 1.09, 0.65, 1.51, 8.74, 118.2, 68.10000000000001, 332.20000000000005, 39.0
1.785225749791E12, 91.7, 341.5, 1.1500000000000001, 0.66, 1.51, 8.61, 148.6, 82.0, 321.20000000000005, 40.0
1.785225751441E12, 93.32000000000001, 347.40000000000003, 1.1500000000000001, 0.66, 1.51, 8.61, 148.6, 82.0, 321.20000000000005, 40.0
1.785225752267E12, 94.05, 350.20000000000005, 1.12, 0.66, 1.51, 8.82, 133.4, 69.9, 343.3, 41.0
1.785225753766E12, 95.68, 356.1, 1.12, 0.66, 1.49, 8.82, 133.4, 69.9, 343.3, 41.0
1.785225754516E12, 96.43, 359.1, 1.18, 0.67, 1.49, 8.69, 136.8, 78.9, 335.3, 42.0
1.785225756166E12, 98.07000000000001, 365.1, 1.18, 0.67, 1.52, 8.69, 136.8, 78.9, 335.3, 42.0
1.785225756916E12, 98.79, 367.90000000000003, 1.12, 0.66, 1.52, 8.9, 133.4, 69.4, 350.8, 43.0
1.785225758491E12, 100.36, 373.6, 1.12, 0.66, 1.47, 8.9, 133.4, 69.4, 350.8, 43.0
1.785225759166E12, 101.09, 376.5, 1.1500000000000001, 0.66, 1.47, 8.55, 153.4, 82.60000000000001, 329.40000000000003, 44.0
1.785225760817E12, 102.74000000000001, 382.6, 1.1500000000000001, 0.66, 1.51, 8.55, 153.4, 82.60000000000001, 329.40000000000003, 44.0
1.785225761565E12, 103.45, 385.40000000000003, 1.1500000000000001, 0.65, 1.51, 8.93, 132.5, 74.60000000000001, 359.90000000000003, 45.0
1.78522576314E12, 105.01, 391.20000000000005, 1.1500000000000001, 0.65, 1.42, 8.93, 132.5, 74.60000000000001, 359.90000000000003, 45.0
1.78522576389E12, 105.73, 393.90000000000003, 1.12, 0.66, 1.42, 8.56, 126.80000000000001, 68.7, 337.90000000000003, 46.0
1.785225765465E12, 107.32000000000001, 399.70000000000005, 1.12, 0.66, 1.47, 8.56, 126.80000000000001, 68.7, 337.90000000000003, 46.0
1.785225766216E12, 108.06, 402.6, 1.18, 0.7000000000000001, 1.47, 8.69, 130.5, 70.5, 333.0, 47.0
1.785225767791E12, 109.68, 408.5, 1.18, 0.7000000000000001, 1.48, 8.69, 130.5, 70.5, 333.0, 47.0
1.78522576854E12, 110.4, 411.3, 1.1500000000000001, 0.66, 1.48, 8.620000000000001, 140.4, 74.7, 332.70000000000005, 48.0
1.785225770115E12, 112.02, 417.20000000000005, 1.1500000000000001, 0.66, 1.48, 8.620000000000001, 140.4, 74.7, 332.70000000000005, 48.0
1.78522577094E12, 112.74000000000001, 420.0, 1.1500000000000001, 0.66, 1.48, 8.69, 135.1, 76.80000000000001, 338.20000000000005, 49.0
1.785225772441E12, 114.34, 425.90000000000003, 1.1500000000000001, 0.66, 1.49, 8.69, 135.1, 76.80000000000001, 338.20000000000005, 49.0
1.78522577319E12, 115.10000000000001, 428.8, 1.18, 0.68, 1.49, 8.84, 135.9, 75.10000000000001, 347.6, 50.0
1.785225774839E12, 116.74000000000001, 434.90000000000003, 1.18, 0.68, 1.5, 8.84, 135.9, 75.10000000000001, 347.6, 50.0
1.785225775516E12, 117.42, 437.6, 1.12, 0.63, 1.5, 8.76, 148.0, 84.80000000000001, 347.6, 51.0
1.785225777165E12, 119.05, 443.70000000000005, 1.12, 0.63, 1.5, 8.76, 148.0, 84.80000000000001, 347.6, 51.0
1.78522577799E12, 119.77, 446.5, 1.1500000000000001, 0.65, 1.5, 8.89, 133.20000000000002, 72.8, 359.8, 52.0
1.78522577949E12, 121.37, 452.40000000000003, 1.1500000000000001, 0.65, 1.49, 8.89, 133.20000000000002, 72.8, 359.8, 52.0
1.785225780239E12, 122.13, 455.3, 1.18, 0.68, 1.49, 8.84, 138.8, 73.0, 347.3, 53.0
1.785225781815E12, 123.67, 461.0, 1.18, 0.68, 1.43, 8.84, 138.8, 73.0, 347.3, 53.0
1.785225782564E12, 124.44, 464.1, 1.21, 0.67, 1.43, 8.69, 157.20000000000002, 90.9, 347.6, 54.0
1.785225784216E12, 126.04, 470.3, 1.21, 0.67, 1.51, 8.69, 157.20000000000002, 90.9, 347.6, 54.0
1.78522578489E12, 126.78, 473.20000000000005, 1.1500000000000001, 0.63, 1.51, 9.13, 141.4, 76.5, 391.40000000000003, 55.0
1.785225786466E12, 128.37, 479.20000000000005, 1.1500000000000001, 0.63, 1.49, 9.13, 141.4, 76.5, 391.40000000000003, 55.0
1.785225787289E12, 129.11, 482.1, 1.1500000000000001, 0.64, 1.49, 8.92, 136.6, 78.0, 366.6, 56.0
1.785225788789E12, 130.69, 488.1, 1.1500000000000001, 0.64, 1.46, 8.92, 136.6, 78.0, 366.6, 56.0
1.785225789541E12, 131.4, 490.90000000000003, 1.1500000000000001, 0.64, 1.46, 8.76, 152.9, 83.5, 357.3, 57.0
1.785225791115E12, 132.98, 496.90000000000003, 1.1500000000000001, 0.64, 1.46, 8.76, 152.9, 83.5, 357.3, 57.0
1.785225791864E12, 133.74, 499.90000000000003, 1.21, 0.68, 1.46, 9.0, 138.70000000000002, 75.4, 375.6, 58.0
1.785225793439E12, 135.31, 505.8, 1.21, 0.68, 1.48, 9.0, 138.70000000000002, 75.4, 375.6, 58.0
1.785225794189E12, 136.06, 508.8, 1.18, 0.67, 1.48, 8.93, 126.80000000000001, 71.7, 364.40000000000003, 59.0
1.785225795764E12, 137.6, 514.5, 1.18, 0.67, 1.42, 8.93, 126.80000000000001, 71.7, 364.40000000000003, 59.0
1.785225796439E12, 138.31, 517.3000000000001, 1.12, 0.63, 1.42, 8.49, 140.1, 81.0, 339.20000000000005, 60.0
1.785225798014E12, 139.89000000000001, 523.2, 1.12, 0.63, 1.44, 8.49, 140.1, 81.0, 339.20000000000005, 60.0
1.785225798689E12, 140.62, 526.0, 1.1500000000000001, 0.65, 1.44, 8.700000000000001, 139.4, 76.60000000000001, 352.6, 61.0
1.78522580019E12, 142.1, 531.6, 1.1500000000000001, 0.65, 1.36, 8.700000000000001, 139.4, 76.60000000000001, 352.6, 61.0
1.785225800939E12, 142.81, 534.5, 1.18, 0.66, 1.36, 8.49, 152.5, 82.5, 349.0, 62.0
1.785225802439E12, 144.36, 540.4, 1.18, 0.66, 1.41, 8.49, 152.5, 82.5, 349.0, 62.0
1.785225803189E12, 145.05, 543.2, 1.1500000000000001, 0.64, 1.41, 8.71, 145.3, 76.60000000000001, 368.8, 63.0
1.785225804689E12, 146.6, 549.0, 1.1500000000000001, 0.64, 1.41, 8.71, 145.3, 76.60000000000001, 368.8, 63.0
1.785225805438E12, 147.28, 551.7, 1.12, 0.62, 1.41, 8.56, 134.3, 76.10000000000001, 355.40000000000003, 64.0
1.785225806939E12, 148.8, 557.4, 1.12, 0.62, 1.3800000000000001, 8.56, 134.3, 76.10000000000001, 355.40000000000003, 64.0
1.785225807615E12, 149.53, 560.4, 1.18, 0.65, 1.3800000000000001, 8.540000000000001, 149.20000000000002, 83.10000000000001, 349.90000000000003, 65.0
1.785225809264E12, 151.04, 566.1, 1.18, 0.65, 1.3900000000000001, 8.540000000000001, 149.20000000000002, 83.10000000000001, 349.90000000000003, 65.0
1.785225809863E12, 151.76, 569.0, 1.18, 0.66, 1.3900000000000001, 8.71, 130.6, 72.8, 368.3, 66.0
1.785225811439E12, 153.31, 574.9, 1.18, 0.66, 1.42, 8.71, 130.6, 72.8, 368.3, 66.0
1.785225812263E12, 154.06, 577.8000000000001, 1.18, 0.67, 1.42, 8.72, 124.9, 70.4, 357.3, 67.0
1.785225813688E12, 155.54, 583.3000000000001, 1.18, 0.67, 1.3800000000000001, 8.72, 124.9, 70.4, 357.3, 67.0
1.785225813839E12, 155.71, 583.9, 0.2, 0.08, 0.0, 6.22, 27.8, 21.400000000000002, 245.20000000000002, 68.0
1.785225814363E12, 156.27, 586.1, 1.12, 0.44, 0.0, 2.19, 153.3, 92.7, 90.5, 69.0
1.785225815939E12, 157.79, 591.8000000000001, 1.12, 0.44, 1.3800000000000001, 2.19, 153.3, 92.7, 90.5, 69.0
1.785225816613E12, 158.51, 594.7, 1.18, 0.65, 1.3800000000000001, 8.47, 148.70000000000002, 88.80000000000001, 342.90000000000003, 70.0
1.785225818188E12, 160.05, 600.6, 1.18, 0.65, 1.44, 8.47, 148.70000000000002, 88.80000000000001, 342.90000000000003, 70.0
1.785225818864E12, 160.77, 603.5, 1.18, 0.65, 1.44, 8.92, 142.4, 81.10000000000001, 383.20000000000005, 71.0
1.785225820513E12, 162.39000000000001, 609.8000000000001, 1.18, 0.65, 1.49, 8.92, 142.4, 81.10000000000001, 383.20000000000005, 71.0
1.785225821264E12, 163.12, 612.7, 1.18, 0.65, 1.49, 9.06, 141.8, 79.10000000000001, 383.90000000000003, 72.0
1.785225822838E12, 164.72, 618.8000000000001, 1.18, 0.65, 1.5, 9.06, 141.8, 79.10000000000001, 383.90000000000003, 72.0
1.785225823588E12, 165.46, 621.7, 1.1500000000000001, 0.64, 1.5, 8.99, 148.9, 82.4, 374.6, 73.0
1.785225825163E12, 167.06, 627.7, 1.1500000000000001, 0.64, 1.48, 8.99, 148.9, 82.4, 374.6, 73.0
1.785225825913E12, 167.78, 630.6, 1.1500000000000001, 0.64, 1.48, 8.92, 129.6, 73.9, 369.8, 74.0
1.785225827488E12, 169.35, 636.5, 1.1500000000000001, 0.64, 1.45, 8.92, 129.6, 73.9, 369.8, 74.0
1.785225828238E12, 170.04, 639.1, 1.09, 0.64, 1.45, 8.63, 133.20000000000002, 70.4, 344.3, 75.0
1.785225829738E12, 171.61, 644.9000000000001, 1.09, 0.64, 1.44, 8.63, 133.20000000000002, 70.4, 344.3, 75.0
1.785225830488E12, 172.33, 647.7, 1.1500000000000001, 0.66, 1.44, 8.48, 131.70000000000002, 74.0, 329.0, 76.0
1.785225831988E12, 173.91, 653.4000000000001, 1.1500000000000001, 0.66, 1.43, 8.48, 131.70000000000002, 74.0, 329.0, 76.0
1.785225832739E12, 174.63, 656.2, 1.12, 0.66, 1.43, 8.56, 125.30000000000001, 71.3, 334.70000000000005, 77.0
1.785225834313E12, 176.17000000000002, 661.9000000000001, 1.12, 0.66, 1.44, 8.56, 125.30000000000001, 71.3, 334.70000000000005, 77.0
1.785225835139E12, 176.92000000000002, 664.8000000000001, 1.18, 0.68, 1.44, 8.56, 140.70000000000002, 77.7, 333.1, 78.0
1.785225836638E12, 178.47, 670.6, 1.18, 0.68, 1.43, 8.56, 140.70000000000002, 77.7, 333.1, 78.0
1.785225837387E12, 179.23, 673.5, 1.1500000000000001, 0.65, 1.43, 8.63, 124.60000000000001, 70.9, 345.5, 79.0
1.785225838889E12, 180.76, 679.1, 1.1500000000000001, 0.65, 1.44, 8.63, 124.60000000000001, 70.9, 345.5, 79.0
1.785225839562E12, 181.47, 681.8000000000001, 1.09, 0.64, 1.44, 8.48, 124.7, 71.8, 329.8, 80.0
1.785225841138E12, 183.01, 687.5, 1.09, 0.64, 1.42, 8.48, 124.7, 71.8, 329.8, 80.0
1.785225841887E12, 183.78, 690.4000000000001, 1.1500000000000001, 0.68, 1.42, 8.49, 125.80000000000001, 70.5, 328.0, 81.0
1.785225843537E12, 185.34, 696.1, 1.1500000000000001, 0.68, 1.46, 8.49, 125.80000000000001, 70.5, 328.0, 81.0
1.785225844212E12, 186.07, 698.9000000000001, 1.09, 0.65, 1.46, 8.48, 121.30000000000001, 70.2, 324.90000000000003, 82.0
1.785225845712E12, 187.59, 704.4000000000001, 1.09, 0.65, 1.3900000000000001, 8.48, 121.30000000000001, 70.2, 324.90000000000003, 82.0
1.785225846387E12, 188.3, 707.2, 1.1500000000000001, 0.65, 1.3900000000000001, 8.26, 141.9, 81.80000000000001, 317.70000000000005, 83.0
1.785225848038E12, 189.86, 713.0, 1.1500000000000001, 0.65, 1.45, 8.26, 141.9, 81.80000000000001, 317.70000000000005, 83.0
1.785225848712E12, 190.6, 715.9000000000001, 1.1500000000000001, 0.65, 1.45, 8.71, 121.60000000000001, 71.4, 350.5, 84.0
1.785225850287E12, 192.17000000000002, 721.7, 1.1500000000000001, 0.65, 1.43, 8.71, 121.60000000000001, 71.4, 350.5, 84.0
1.785225851037E12, 192.92000000000002, 724.5, 1.18, 0.7000000000000001, 1.43, 8.71, 118.5, 65.2, 340.20000000000005, 85.0
1.785225852612E12, 194.47, 730.2, 1.18, 0.7000000000000001, 1.41, 8.71, 118.5, 65.2, 340.20000000000005, 85.0
1.785225853287E12, 195.19, 733.0, 1.1500000000000001, 0.66, 1.41, 8.36, 130.8, 77.60000000000001, 321.70000000000005, 86.0
1.785225854937E12, 196.8, 738.9000000000001, 1.1500000000000001, 0.66, 1.49, 8.36, 130.8, 77.60000000000001, 321.70000000000005, 86.0
1.785225855613E12, 197.52, 741.7, 1.09, 0.64, 1.49, 8.71, 132.70000000000002, 72.7, 341.0, 87.0
1.785225857263E12, 199.13, 747.5, 1.09, 0.64, 1.51, 8.71, 132.70000000000002, 72.7, 341.0, 87.0
1.785225858087E12, 199.86, 750.3000000000001, 1.12, 0.66, 1.51, 8.700000000000001, 131.9, 73.60000000000001, 334.1, 88.0
1.785225859589E12, 201.48000000000002, 756.2, 1.12, 0.66, 1.49, 8.700000000000001, 131.9, 73.60000000000001, 334.1, 88.0
1.785225860337E12, 202.23000000000002, 759.1, 1.1500000000000001, 0.68, 1.49, 8.71, 123.60000000000001, 68.5, 335.3, 89.0
1.785225861912E12, 203.81, 764.8000000000001, 1.1500000000000001, 0.68, 1.46, 8.71, 123.60000000000001, 68.5, 335.3, 89.0
1.785225862662E12, 204.52, 767.5, 1.12, 0.67, 1.46, 8.49, 122.30000000000001, 71.60000000000001, 320.70000000000005, 90.0
1.785225864162E12, 206.07, 773.2, 1.12, 0.67, 1.41, 8.49, 122.30000000000001, 71.60000000000001, 320.70000000000005, 90.0
1.785225864911E12, 206.8, 775.9000000000001, 1.12, 0.68, 1.41, 8.34, 114.0, 63.5, 316.0, 91.0
1.785225866487E12, 208.33, 781.4000000000001, 1.12, 0.68, 1.42, 8.34, 114.0, 63.5, 316.0, 91.0
1.785225867236E12, 209.07, 784.1, 1.09, 0.65, 1.42, 8.2, 125.30000000000001, 72.5, 303.40000000000003, 92.0
1.785225868737E12, 210.64000000000001, 789.8000000000001, 1.09, 0.65, 1.47, 8.2, 125.30000000000001, 72.5, 303.40000000000003, 92.0
1.785225869486E12, 211.38, 792.6, 1.12, 0.67, 1.47, 8.49, 122.9, 71.0, 317.8, 93.0
1.785225871137E12, 213.0, 798.4000000000001, 1.12, 0.67, 1.51, 8.49, 122.9, 71.0, 317.8, 93.0
1.785225871886E12, 213.74, 801.2, 1.12, 0.67, 1.51, 8.64, 128.20000000000002, 72.4, 325.1, 94.0
1.785225873462E12, 215.31, 806.9000000000001, 1.12, 0.67, 1.45, 8.64, 128.20000000000002, 72.4, 325.1, 94.0
1.785225874212E12, 216.07, 809.8000000000001, 1.12, 0.67, 1.45, 8.48, 107.2, 64.7, 320.5, 95.0
1.785225875712E12, 217.59, 815.2, 1.12, 0.67, 1.42, 8.48, 107.2, 64.7, 320.5, 95.0
1.785225876461E12, 218.35, 818.0, 1.1500000000000001, 0.7000000000000001, 1.42, 8.33, 122.2, 67.5, 307.3, 96.0
1.785225878111E12, 219.96, 823.8000000000001, 1.1500000000000001, 0.7000000000000001, 1.49, 8.33, 122.2, 67.5, 307.3, 96.0
1.785225878786E12, 220.70000000000002, 826.6, 1.09, 0.65, 1.49, 8.48, 125.10000000000001, 74.3, 314.40000000000003, 97.0
1.785225880362E12, 222.23000000000002, 832.1, 1.09, 0.65, 1.44, 8.48, 125.10000000000001, 74.3, 314.40000000000003, 97.0
1.785225881111E12, 223.0, 835.1, 1.1500000000000001, 0.6900000000000001, 1.44, 8.48, 126.7, 73.10000000000001, 320.6, 98.0
1.785225882686E12, 224.54, 840.7, 1.1500000000000001, 0.6900000000000001, 1.44, 8.48, 126.7, 73.10000000000001, 320.6, 98.0
1.785225883436E12, 225.3, 843.6, 1.1500000000000001, 0.6900000000000001, 1.44, 8.58, 110.30000000000001, 64.10000000000001, 330.70000000000005, 99.0
1.785225884936E12, 226.83, 849.1, 1.1500000000000001, 0.6900000000000001, 1.41, 8.58, 110.30000000000001, 64.10000000000001, 330.70000000000005, 99.0
1.78522588576E12, 227.63, 852.1, 1.18, 0.71, 1.41, 8.43, 113.10000000000001, 64.0, 315.5, 100.0
1.785225887336E12, 229.16, 857.6, 1.18, 0.71, 1.44, 8.43, 113.10000000000001, 64.0, 315.5, 100.0
1.78522588801E12, 229.9, 860.4000000000001, 1.09, 0.65, 1.44, 8.27, 146.70000000000002, 76.3, 307.70000000000005, 101.0
1.785225889586E12, 231.44, 866.0, 1.09, 0.65, 1.45, 8.27, 146.70000000000002, 76.3, 307.70000000000005, 101.0
1.785225890261E12, 232.17000000000002, 868.7, 1.06, 0.64, 1.45, 8.32, 95.30000000000001, 58.400000000000006, 313.3, 102.0
1.785225891836E12, 233.68, 874.0, 1.06, 0.64, 1.3800000000000001, 8.32, 95.30000000000001, 58.400000000000006, 313.3, 102.0
1.785225892586E12, 234.46, 876.8000000000001, 1.1500000000000001, 0.71, 1.3800000000000001, 8.13, 97.2, 60.6, 287.6, 103.0
1.785225894011E12, 235.91, 881.9000000000001, 1.1500000000000001, 0.71, 1.34, 8.13, 97.2, 60.6, 287.6, 103.0
1.785225894761E12, 236.68, 884.8000000000001, 1.12, 0.68, 1.34, 7.92, 120.4, 69.60000000000001, 283.3, 104.0
1.785225896336E12, 238.22, 890.3000000000001, 1.12, 0.68, 1.44, 7.92, 120.4, 69.60000000000001, 283.3, 104.0
1.78522589716E12, 238.95000000000002, 893.0, 1.09, 0.66, 1.44, 8.27, 117.9, 69.8, 302.8, 105.0
1.785225898586E12, 240.45000000000002, 898.4000000000001, 1.09, 0.66, 1.3900000000000001, 8.27, 117.9, 69.8, 302.8, 105.0
1.78522589941E12, 241.21, 901.2, 1.1500000000000001, 0.6900000000000001, 1.3900000000000001, 8.26, 120.30000000000001, 69.0, 308.70000000000005, 106.0
1.78522590091E12, 242.77, 906.9000000000001, 1.1500000000000001, 0.6900000000000001, 1.42, 8.26, 120.30000000000001, 69.0, 308.70000000000005, 106.0
1.785225901585E12, 243.49, 909.6, 1.12, 0.68, 1.42, 8.34, 108.9, 63.5, 313.40000000000003, 107.0
1.78522590316E12, 245.03, 915.1, 1.12, 0.68, 1.42, 8.34, 108.9, 63.5, 313.40000000000003, 107.0
1.785225903911E12, 245.75, 917.8000000000001, 1.09, 0.66, 1.42, 8.18, 109.80000000000001, 69.10000000000001, 299.90000000000003, 108.0
1.78522590541E12, 247.3, 923.3000000000001, 1.09, 0.66, 1.41, 8.18, 109.80000000000001, 69.10000000000001, 299.90000000000003, 108.0
1.78522590616E12, 248.02, 926.0, 1.12, 0.68, 1.41, 8.24, 119.60000000000001, 71.3, 303.90000000000003, 109.0
1.78522590781E12, 249.67000000000002, 931.9000000000001, 1.12, 0.68, 1.5, 8.24, 119.60000000000001, 71.3, 303.90000000000003, 109.0
1.785225908486E12, 250.38, 934.6, 1.09, 0.65, 1.5, 8.56, 119.30000000000001, 71.0, 321.5, 110.0
1.78522591006E12, 251.9, 940.1, 1.09, 0.65, 1.42, 8.56, 119.30000000000001, 71.0, 321.5, 110.0
1.785225910811E12, 252.67000000000002, 943.0, 1.1500000000000001, 0.6900000000000001, 1.42, 8.42, 107.30000000000001, 64.60000000000001, 315.3, 111.0
1.785225912385E12, 254.22, 948.6, 1.1500000000000001, 0.6900000000000001, 1.42, 8.42, 107.30000000000001, 64.60000000000001, 315.3, 111.0
1.785225913135E12, 254.98000000000002, 951.4000000000001, 1.18, 0.71, 1.42, 8.43, 121.4, 69.4, 312.90000000000003, 112.0
1.785225914635E12, 256.49, 956.9000000000001, 1.18, 0.71, 1.37, 8.43, 121.4, 69.4, 312.90000000000003, 112.0
1.785225915384E12, 257.24, 959.8000000000001, 1.18, 0.7000000000000001, 1.37, 8.34, 123.0, 69.10000000000001, 318.40000000000003, 113.0
1.785225916884E12, 258.78000000000003, 965.4000000000001, 1.18, 0.7000000000000001, 1.42, 8.34, 123.0, 69.10000000000001, 318.40000000000003, 113.0
1.785225917634E12, 259.52, 968.2, 1.12, 0.67, 1.42, 8.43, 119.80000000000001, 67.7, 324.8, 114.0
1.785225919209E12, 261.07, 973.8000000000001, 1.12, 0.67, 1.42, 8.43, 119.80000000000001, 67.7, 324.8, 114.0
1.785225919959E12, 261.81, 976.7, 1.18, 0.68, 1.42, 8.41, 121.30000000000001, 74.4, 321.40000000000003, 115.0
1.785225921534E12, 263.36, 982.4000000000001, 1.18, 0.68, 1.41, 8.41, 121.30000000000001, 74.4, 321.40000000000003, 115.0
1.785225922209E12, 264.08, 985.1, 1.12, 0.67, 1.41, 8.49, 110.0, 61.6, 328.40000000000003, 116.0
1.785225923708E12, 265.6, 990.5, 1.12, 0.67, 1.4000000000000001, 8.49, 110.0, 61.6, 328.40000000000003, 116.0
1.785225924459E12, 266.35, 993.3000000000001, 1.12, 0.68, 1.4000000000000001, 8.21, 114.5, 65.7, 303.1, 117.0
1.785225926034E12, 267.84000000000003, 998.7, 1.12, 0.68, 1.37, 8.21, 114.5, 65.7, 303.1, 117.0
