1.785225659497E12, 0.0, 79.0, 79.0, 76.0, 80.0, 80.0, 82.0, 83.0, 91.0, 92.0, 92.0, 90.0, 93.0, 94.0, 92.0, 96.0, 94.0, 94.0, 103.0, 113.0, 124.0, 123.0, 124.0, 129.0, 122.0, 127.0, 119.0, 117.0, 112.0, 108.0, 92.0, 74.0, 57.0, 21.0, 3.0, 0.0
1.785225661673E12, 7.0, 16.0, 38.0, 38.0, 42.0, 49.0, 49.0, 68.0, 74.0, 74.0, 82.0, 97.0, 97.0, 116.0, 127.0, 148.0, 148.0, 148.0, 154.0, 161.0, 161.0, 158.0, 158.0, 161.0, 156.0, 156.0, 152.0, 154.0, 147.0, 142.0, 144.0, 139.0, 122.0, 122.0, 113.0, 92.0, 83.0, 63.0, 39.0, 22.0, 3.0
1.78522566392E12, 28.0, 34.0, 45.0, 38.0, 44.0, 44.0, 52.0, 69.0, 78.0, 78.0, 91.0, 108.0, 124.0, 150.0, 150.0, 159.0, 166.0, 174.0, 170.0, 164.0, 165.0, 156.0, 156.0, 149.0, 148.0, 132.0, 123.0, 122.0, 111.0, 96.0, 77.0, 58.0, 41.0, 26.0, 2.0
1.785225666174E12, 22.0, 26.0, 40.0, 29.0, 44.0, 44.0, 42.0, 62.0, 66.0, 66.0, 78.0, 89.0, 108.0, 116.0, 125.0, 125.0, 139.0, 145.0, 143.0, 151.0, 149.0, 142.0, 142.0, 144.0, 132.0, 134.0, 125.0, 114.0, 109.0, 100.0, 85.0, 62.0, 44.0, 30.0, 19.0, 19.0, 10.0
1.785225668498E12, 19.0, 29.0, 30.0, 30.0, 30.0, 36.0, 44.0, 56.0, 56.0, 66.0, 69.0, 79.0, 92.0, 92.0, 99.0, 106.0, 121.0, 126.0, 130.0, 130.0, 132.0, 137.0, 136.0, 139.0, 132.0, 125.0, 125.0, 133.0, 120.0, 110.0, 98.0, 91.0, 70.0, 51.0, 32.0, 18.0, 6.0
1.78522567075E12, 25.0, 25.0, 42.0, 38.0, 46.0, 46.0, 40.0, 59.0, 70.0, 70.0, 75.0, 91.0, 99.0, 114.0, 114.0, 125.0, 135.0, 141.0, 150.0, 146.0, 146.0, 146.0, 143.0, 140.0, 133.0, 144.0, 133.0, 123.0, 120.0, 111.0, 101.0, 101.0, 87.0, 69.0, 56.0, 47.0, 28.0, 10.0
1.78522567307E12, 22.0, 28.0, 33.0, 34.0, 34.0, 35.0, 48.0, 61.0, 69.0, 69.0, 83.0, 93.0, 106.0, 120.0, 120.0, 133.0, 135.0, 146.0, 135.0, 137.0, 137.0, 143.0, 142.0, 132.0, 124.0, 120.0, 113.0, 108.0, 88.0, 79.0, 60.0, 43.0, 43.0, 26.0, 10.0
1.785225675322E12, 22.0, 30.0, 35.0, 28.0, 28.0, 32.0, 43.0, 53.0, 53.0, 56.0, 64.0, 76.0, 76.0, 88.0, 101.0, 111.0, 119.0, 119.0, 134.0, 135.0, 138.0, 150.0, 146.0, 146.0, 146.0, 141.0, 132.0, 125.0, 126.0, 107.0, 102.0, 93.0, 81.0, 50.0, 26.0, 22.0, 22.0
1.785225677647E12, 19.0, 28.0, 27.0, 30.0, 30.0, 28.0, 39.0, 48.0, 48.0, 55.0, 56.0, 77.0, 77.0, 86.0, 98.0, 100.0, 110.0, 110.0, 114.0, 123.0, 118.0, 119.0, 119.0, 121.0, 118.0, 118.0, 118.0, 110.0, 98.0, 99.0, 99.0, 87.0, 71.0, 51.0, 34.0, 25.0, 10.0, 0.0
1.785225680046E12, 18.0, 20.0, 27.0, 27.0, 22.0, 27.0, 31.0, 31.0, 41.0, 46.0, 52.0, 52.0, 61.0, 72.0, 87.0, 87.0, 95.0, 103.0, 115.0, 119.0, 119.0, 121.0, 128.0, 122.0, 124.0, 124.0, 130.0, 131.0, 117.0, 118.0, 106.0, 98.0, 98.0, 88.0, 71.0, 59.0, 33.0, 19.0, 5.0, 0.0
1.785225682372E12, 19.0, 30.0, 31.0, 31.0, 40.0, 33.0, 46.0, 46.0, 52.0, 61.0, 61.0, 66.0, 75.0, 90.0, 90.0, 108.0, 115.0, 121.0, 133.0, 133.0, 133.0, 129.0, 134.0, 130.0, 125.0, 125.0, 127.0, 122.0, 114.0, 117.0, 106.0, 101.0, 80.0, 80.0, 83.0, 68.0, 57.0, 25.0, 18.0
1.785225684772E12, 22.0, 26.0, 29.0, 26.0, 26.0, 31.0, 35.0, 42.0, 42.0, 43.0, 54.0, 54.0, 62.0, 79.0, 79.0, 95.0, 95.0, 107.0, 119.0, 116.0, 116.0, 124.0, 121.0, 123.0, 125.0, 123.0, 123.0, 115.0, 116.0, 110.0, 103.0, 97.0, 83.0, 66.0, 66.0, 59.0, 42.0, 32.0, 11.0, 0.0
1.785225687171E12, 21.0, 27.0, 25.0, 23.0, 23.0, 24.0, 31.0, 40.0, 40.0, 43.0, 44.0, 44.0, 54.0, 66.0, 82.0, 82.0, 93.0, 102.0, 116.0, 120.0, 120.0, 118.0, 135.0, 134.0, 136.0, 136.0, 135.0, 131.0, 128.0, 121.0, 115.0, 110.0, 110.0, 104.0, 83.0, 62.0, 46.0, 32.0, 16.0, 2.0, 0.0
1.785225689499E12, 32.0, 37.0, 48.0, 37.0, 37.0, 43.0, 53.0, 57.0, 57.0, 68.0, 80.0, 91.0, 91.0, 98.0, 111.0, 120.0, 120.0, 120.0, 131.0, 129.0, 130.0, 134.0, 134.0, 133.0, 123.0, 124.0, 111.0, 112.0, 111.0, 97.0, 97.0, 74.0, 67.0, 58.0, 37.0, 18.0, 3.0
1.785225691823E12, 23.0, 28.0, 31.0, 29.0, 29.0, 26.0, 34.0, 43.0, 43.0, 51.0, 52.0, 72.0, 72.0, 77.0, 105.0, 104.0, 104.0, 120.0, 126.0, 130.0, 131.0, 131.0, 140.0, 137.0, 133.0, 135.0, 124.0, 115.0, 115.0, 100.0, 89.0, 78.0, 65.0, 47.0, 29.0, 21.0, 21.0, 7.0
1.785225694221E12, 19.0, 27.0, 31.0, 30.0, 30.0, 27.0, 35.0, 35.0, 44.0, 51.0, 54.0, 54.0, 66.0, 75.0, 86.0, 86.0, 103.0, 110.0, 118.0, 128.0, 128.0, 129.0, 129.0, 131.0, 126.0, 121.0, 121.0, 118.0, 119.0, 107.0, 100.0, 82.0, 81.0, 75.0, 75.0, 57.0, 36.0, 27.0, 18.0, 7.0
1.785225696396E12, 25.0, 32.0, 35.0, 35.0, 33.0, 26.0, 38.0, 38.0, 43.0, 56.0, 56.0, 56.0, 59.0, 64.0, 76.0, 76.0, 87.0, 92.0, 103.0, 110.0, 110.0, 112.0, 118.0, 114.0, 111.0, 111.0, 117.0, 107.0, 101.0, 94.0, 78.0, 67.0, 67.0, 57.0, 47.0, 38.0, 22.0, 10.0
1.785225698801E12, 19.0, 24.0, 25.0, 25.0, 30.0, 30.0, 38.0, 38.0, 43.0, 49.0, 49.0, 61.0, 70.0, 82.0, 82.0, 97.0, 110.0, 123.0, 137.0, 137.0, 142.0, 139.0, 158.0, 152.0, 152.0, 152.0, 145.0, 144.0, 138.0, 142.0, 127.0, 121.0, 121.0, 113.0, 103.0, 85.0, 71.0, 56.0, 31.0, 16.0, 0.0
1.785225701121E12, 21.0, 26.0, 38.0, 30.0, 38.0, 38.0, 36.0, 52.0, 54.0, 54.0, 57.0, 67.0, 78.0, 78.0, 90.0, 101.0, 118.0, 126.0, 126.0, 135.0, 145.0, 148.0, 145.0, 152.0, 148.0, 148.0, 139.0, 140.0, 130.0, 126.0, 116.0, 104.0, 84.0, 78.0, 67.0, 57.0, 57.0, 37.0, 13.0, 6.0
1.785225703446E12, 23.0, 30.0, 29.0, 28.0, 28.0, 26.0, 31.0, 42.0, 42.0, 44.0, 47.0, 44.0, 76.0, 76.0, 85.0, 114.0, 106.0, 122.0, 122.0, 131.0, 133.0, 132.0, 138.0, 137.0, 137.0, 132.0, 132.0, 123.0, 112.0, 112.0, 100.0, 89.0, 70.0, 70.0, 53.0, 38.0, 24.0, 5.0
1.785225705769E12, 18.0, 29.0, 31.0, 33.0, 33.0, 30.0, 37.0, 45.0, 45.0, 51.0, 54.0, 65.0, 65.0, 77.0, 89.0, 104.0, 109.0, 109.0, 116.0, 124.0, 123.0, 120.0, 120.0, 113.0, 117.0, 104.0, 114.0, 105.0, 102.0, 102.0, 100.0, 81.0, 71.0, 61.0, 49.0, 39.0, 20.0, 20.0, 10.0
1.785225708095E12, 18.0, 26.0, 28.0, 28.0, 33.0, 28.0, 37.0, 37.0, 34.0, 49.0, 43.0, 43.0, 54.0, 51.0, 61.0, 61.0, 74.0, 82.0, 92.0, 92.0, 103.0, 109.0, 111.0, 121.0, 121.0, 117.0, 117.0, 113.0, 108.0, 103.0, 103.0, 97.0, 87.0, 78.0, 71.0, 64.0, 46.0, 46.0, 43.0, 20.0, 11.0
1.785225710348E12, 17.0, 23.0, 19.0, 19.0, 25.0, 26.0, 26.0, 35.0, 35.0, 41.0, 41.0, 44.0, 48.0, 58.0, 58.0, 63.0, 71.0, 82.0, 82.0, 91.0, 97.0, 105.0, 105.0, 110.0, 112.0, 128.0, 121.0, 121.0, 124.0, 120.0, 118.0, 113.0, 111.0, 103.0, 103.0, 90.0, 76.0, 62.0, 46.0, 37.0, 19.0, 19.0, 7.0
1.785225712671E12, 17.0, 27.0, 27.0, 27.0, 31.0, 32.0, 39.0, 39.0, 42.0, 53.0, 53.0, 58.0, 69.0, 70.0, 70.0, 82.0, 100.0, 109.0, 118.0, 118.0, 131.0, 133.0, 130.0, 135.0, 135.0, 125.0, 123.0, 122.0, 116.0, 111.0, 105.0, 105.0, 95.0, 85.0, 84.0, 71.0, 56.0, 38.0, 23.0, 18.0, 18.0
1.785225714998E12, 20.0, 25.0, 24.0, 23.0, 23.0, 22.0, 32.0, 32.0, 36.0, 41.0, 41.0, 41.0, 50.0, 58.0, 72.0, 72.0, 87.0, 100.0, 120.0, 126.0, 126.0, 125.0, 143.0, 143.0, 149.0, 149.0, 146.0, 135.0, 128.0, 125.0, 118.0, 108.0, 93.0, 93.0, 75.0, 60.0, 47.0, 30.0, 9.0, 2.0, 0.0
1.785225717246E12, 19.0, 24.0, 21.0, 21.0, 21.0, 24.0, 35.0, 35.0, 42.0, 40.0, 38.0, 38.0, 43.0, 51.0, 63.0, 63.0, 73.0, 80.0, 91.0, 91.0, 94.0, 100.0, 109.0, 110.0, 110.0, 107.0, 113.0, 111.0, 107.0, 110.0, 110.0, 104.0, 100.0, 96.0, 81.0, 70.0, 39.0, 39.0, 32.0, 12.0, 12.0
1.785225719571E12, 18.0, 21.0, 25.0, 25.0, 25.0, 25.0, 34.0, 34.0, 39.0, 43.0, 43.0, 43.0, 51.0, 64.0, 76.0, 76.0, 82.0, 89.0, 102.0, 102.0, 116.0, 124.0, 138.0, 135.0, 135.0, 129.0, 130.0, 122.0, 112.0, 114.0, 114.0, 100.0, 97.0, 87.0, 74.0, 63.0, 48.0, 39.0, 39.0, 19.0, 4.0
1.785225721968E12, 19.0, 31.0, 34.0, 32.0, 32.0, 26.0, 35.0, 49.0, 49.0, 54.0, 55.0, 55.0, 60.0, 73.0, 87.0, 87.0, 104.0, 112.0, 121.0, 135.0, 135.0, 134.0, 138.0, 141.0, 146.0, 139.0, 139.0, 142.0, 128.0, 126.0, 122.0, 112.0, 100.0, 94.0, 76.0, 76.0, 56.0, 35.0, 17.0, 7.0
1.785225724147E12, 20.0, 26.0, 24.0, 24.0, 28.0, 25.0, 42.0, 42.0, 47.0, 57.0, 62.0, 62.0, 78.0, 94.0, 110.0, 132.0, 132.0, 146.0, 165.0, 164.0, 165.0, 179.0, 179.0, 175.0, 176.0, 175.0, 163.0, 155.0, 155.0, 144.0, 130.0, 122.0, 100.0, 86.0, 62.0, 62.0, 43.0, 17.0, 14.0
1.785225726544E12, 25.0, 33.0, 33.0, 36.0, 36.0, 35.0, 45.0, 51.0, 51.0, 61.0, 67.0, 78.0, 91.0, 91.0, 104.0, 106.0, 128.0, 130.0, 136.0, 136.0, 135.0, 133.0, 125.0, 117.0, 106.0, 104.0, 100.0, 100.0, 80.0, 58.0, 47.0, 37.0, 18.0, 9.0
1.78522572872E12, 21.0, 25.0, 31.0, 34.0, 34.0, 35.0, 39.0, 44.0, 44.0, 49.0, 50.0, 55.0, 55.0, 64.0, 75.0, 89.0, 89.0, 94.0, 100.0, 111.0, 115.0, 115.0, 115.0, 121.0, 118.0, 119.0, 120.0, 119.0, 119.0, 110.0, 105.0, 91.0, 75.0, 66.0, 52.0, 33.0, 33.0, 19.0, 2.0
1.785225731121E12, 19.0, 30.0, 26.0, 26.0, 37.0, 38.0, 52.0, 52.0, 56.0, 62.0, 67.0, 67.0, 74.0, 82.0, 99.0, 99.0, 107.0, 118.0, 126.0, 133.0, 133.0, 130.0, 140.0, 127.0, 129.0, 124.0, 124.0, 120.0, 106.0, 106.0, 90.0, 77.0, 60.0, 49.0, 49.0, 35.0, 19.0, 5.0
1.785225733445E12, 24.0, 32.0, 36.0, 36.0, 37.0, 35.0, 44.0, 44.0, 47.0, 55.0, 54.0, 54.0, 75.0, 83.0, 101.0, 108.0, 108.0, 118.0, 126.0, 137.0, 137.0, 137.0, 135.0, 138.0, 130.0, 125.0, 119.0, 114.0, 114.0, 109.0, 103.0, 80.0, 72.0, 64.0, 51.0, 26.0, 26.0, 9.0, 2.0, 0.0
1.785225735622E12, 23.0, 28.0, 32.0, 24.0, 24.0, 28.0, 31.0, 31.0, 42.0, 47.0, 57.0, 57.0, 66.0, 71.0, 91.0, 91.0, 101.0, 111.0, 114.0, 120.0, 122.0, 122.0, 129.0, 119.0, 117.0, 120.0, 117.0, 117.0, 100.0, 91.0, 73.0, 66.0, 53.0, 32.0, 32.0, 17.0, 0.0
1.785225737945E12, 20.0, 23.0, 25.0, 24.0, 24.0, 25.0, 34.0, 34.0, 37.0, 37.0, 42.0, 42.0, 48.0, 57.0, 56.0, 56.0, 68.0, 76.0, 85.0, 85.0, 98.0, 106.0, 114.0, 114.0, 123.0, 125.0, 126.0, 134.0, 134.0, 124.0, 127.0, 127.0, 124.0, 113.0, 103.0, 103.0, 87.0, 70.0, 58.0, 44.0, 23.0, 6.0
1.785225740345E12, 22.0, 26.0, 25.0, 25.0, 31.0, 30.0, 43.0, 43.0, 41.0, 54.0, 54.0, 52.0, 68.0, 74.0, 74.0, 86.0, 103.0, 105.0, 123.0, 123.0, 132.0, 139.0, 126.0, 134.0, 134.0, 127.0, 125.0, 127.0, 122.0, 116.0, 108.0, 108.0, 101.0, 94.0, 84.0, 63.0, 40.0, 32.0, 19.0, 9.0, 9.0
1.78522574267E12, 18.0, 28.0, 18.0, 22.0, 22.0, 23.0, 28.0, 33.0, 33.0, 33.0, 35.0, 38.0, 38.0, 46.0, 55.0, 55.0, 64.0, 71.0, 90.0, 98.0, 98.0, 109.0, 114.0, 119.0, 119.0, 119.0, 123.0, 121.0, 118.0, 116.0, 116.0, 108.0, 103.0, 102.0, 83.0, 66.0, 53.0, 53.0, 43.0, 31.0, 17.0, 3.0, 0.0
1.785225745071E12, 19.0, 25.0, 30.0, 29.0, 29.0, 25.0, 34.0, 34.0, 43.0, 47.0, 47.0, 47.0, 55.0, 67.0, 84.0, 84.0, 101.0, 116.0, 135.0, 135.0, 139.0, 142.0, 151.0, 148.0, 148.0, 146.0, 152.0, 143.0, 130.0, 127.0, 117.0, 110.0, 110.0, 96.0, 72.0, 57.0, 35.0, 35.0, 12.0, 11.0, 11.0
1.78522574747E12, 22.0, 30.0, 34.0, 29.0, 29.0, 27.0, 31.0, 31.0, 40.0, 46.0, 47.0, 47.0, 53.0, 59.0, 79.0, 79.0, 85.0, 107.0, 104.0, 111.0, 111.0, 116.0, 116.0, 116.0, 118.0, 118.0, 116.0, 110.0, 113.0, 106.0, 97.0, 97.0, 97.0, 78.0, 62.0, 44.0, 31.0, 23.0, 5.0, 5.0, 0.0
1.785225749796E12, 20.0, 35.0, 32.0, 34.0, 34.0, 31.0, 45.0, 45.0, 52.0, 60.0, 66.0, 66.0, 76.0, 96.0, 106.0, 106.0, 119.0, 134.0, 137.0, 143.0, 143.0, 148.0, 146.0, 135.0, 139.0, 135.0, 135.0, 130.0, 127.0, 118.0, 108.0, 101.0, 84.0, 78.0, 64.0, 64.0, 43.0, 28.0, 18.0, 10.0
1.785225752272E12, 21.0, 25.0, 18.0, 18.0, 24.0, 25.0, 36.0, 36.0, 37.0, 38.0, 43.0, 43.0, 51.0, 65.0, 76.0, 76.0, 94.0, 103.0, 111.0, 111.0, 123.0, 123.0, 128.0, 133.0, 128.0, 128.0, 121.0, 123.0, 116.0, 113.0, 109.0, 104.0, 85.0, 85.0, 74.0, 47.0, 46.0, 30.0, 17.0, 0.0
1.78522575452E12, 21.0, 29.0, 35.0, 33.0, 33.0, 33.0, 37.0, 37.0, 45.0, 52.0, 59.0, 59.0, 67.0, 79.0, 88.0, 88.0, 110.0, 114.0, 135.0, 125.0, 129.0, 129.0, 136.0, 135.0, 132.0, 136.0, 127.0, 127.0, 123.0, 122.0, 118.0, 113.0, 106.0, 93.0, 77.0, 68.0, 68.0, 43.0, 32.0, 16.0, 4.0
1.785225756993E12, 20.0, 29.0, 31.0, 31.0, 31.0, 29.0, 34.0, 39.0, 39.0, 44.0, 50.0, 58.0, 58.0, 67.0, 80.0, 91.0, 91.0, 98.0, 113.0, 118.0, 121.0, 121.0, 124.0, 126.0, 127.0, 133.0, 118.0, 118.0, 110.0, 108.0, 100.0, 93.0, 79.0, 68.0, 49.0, 49.0, 40.0, 26.0, 10.0, 0.0
1.785225759317E12, 17.0, 25.0, 32.0, 24.0, 24.0, 26.0, 32.0, 42.0, 42.0, 46.0, 50.0, 62.0, 62.0, 74.0, 91.0, 106.0, 106.0, 116.0, 135.0, 141.0, 142.0, 142.0, 150.0, 152.0, 150.0, 153.0, 142.0, 136.0, 136.0, 134.0, 122.0, 116.0, 106.0, 90.0, 74.0, 62.0, 34.0, 26.0, 26.0, 16.0
1.785225761569E12, 25.0, 33.0, 38.0, 35.0, 35.0, 33.0, 41.0, 49.0, 49.0, 55.0, 55.0, 68.0, 68.0, 77.0, 83.0, 97.0, 108.0, 108.0, 120.0, 125.0, 126.0, 127.0, 132.0, 132.0, 126.0, 122.0, 124.0, 120.0, 108.0, 103.0, 85.0, 85.0, 87.0, 79.0, 60.0, 42.0, 28.0, 22.0, 0.0
1.785225763967E12, 20.0, 28.0, 35.0, 23.0, 23.0, 23.0, 27.0, 39.0, 39.0, 41.0, 46.0, 56.0, 56.0, 65.0, 74.0, 85.0, 101.0, 101.0, 109.0, 125.0, 122.0, 126.0, 126.0, 125.0, 123.0, 120.0, 119.0, 111.0, 101.0, 101.0, 98.0, 97.0, 85.0, 78.0, 51.0, 42.0, 28.0, 28.0, 14.0, 0.0, 0.0
1.785225766222E12, 20.0, 23.0, 28.0, 34.0, 34.0, 29.0, 37.0, 37.0, 41.0, 49.0, 46.0, 46.0, 57.0, 58.0, 74.0, 74.0, 88.0, 101.0, 104.0, 114.0, 114.0, 119.0, 124.0, 130.0, 128.0, 128.0, 126.0, 129.0, 124.0, 114.0, 112.0, 101.0, 101.0, 94.0, 87.0, 78.0, 61.0, 48.0, 30.0, 27.0, 5.0, 5.0, 1.0
1.785225768545E12, 24.0, 27.0, 26.0, 26.0, 26.0, 26.0, 34.0, 40.0, 40.0, 49.0, 50.0, 50.0, 64.0, 75.0, 89.0, 108.0, 108.0, 115.0, 127.0, 137.0, 140.0, 140.0, 137.0, 135.0, 138.0, 131.0, 132.0, 132.0, 114.0, 107.0, 102.0, 89.0, 76.0, 74.0, 59.0, 45.0, 45.0, 26.0, 17.0, 6.0
1.785225770943E12, 18.0, 30.0, 26.0, 27.0, 27.0, 27.0, 40.0, 46.0, 46.0, 54.0, 56.0, 66.0, 66.0, 80.0, 92.0, 101.0, 101.0, 115.0, 121.0, 124.0, 133.0, 133.0, 133.0, 132.0, 135.0, 128.0, 125.0, 122.0, 122.0, 111.0, 103.0, 106.0, 96.0, 82.0, 65.0, 48.0, 41.0, 41.0, 25.0, 16.0
1.785225773268E12, 21.0, 27.0, 26.0, 22.0, 22.0, 23.0, 29.0, 39.0, 39.0, 47.0, 46.0, 55.0, 55.0, 67.0, 72.0, 93.0, 93.0, 109.0, 128.0, 122.0, 132.0, 132.0, 133.0, 135.0, 135.0, 133.0, 129.0, 133.0, 133.0, 126.0, 114.0, 114.0, 104.0, 101.0, 83.0, 61.0, 46.0, 46.0, 31.0, 11.0, 0.0, 0.0
1.785225775521E12, 22.0, 33.0, 38.0, 40.0, 40.0, 39.0, 47.0, 54.0, 54.0, 64.0, 72.0, 82.0, 82.0, 90.0, 107.0, 118.0, 125.0, 125.0, 138.0, 141.0, 143.0, 148.0, 139.0, 139.0, 131.0, 141.0, 134.0, 132.0, 116.0, 110.0, 100.0, 93.0, 71.0, 71.0, 59.0, 43.0, 23.0, 13.0
1.785225777994E12, 22.0, 28.0, 32.0, 26.0, 25.0, 25.0, 37.0, 44.0, 53.0, 53.0, 47.0, 58.0, 70.0, 70.0, 82.0, 92.0, 105.0, 117.0, 117.0, 116.0, 133.0, 127.0, 127.0, 127.0, 127.0, 120.0, 116.0, 117.0, 106.0, 105.0, 98.0, 95.0, 95.0, 78.0, 65.0, 48.0, 28.0, 24.0, 3.0, 0.0
1.785225780243E12, 21.0, 30.0, 27.0, 27.0, 28.0, 25.0, 34.0, 34.0, 38.0, 45.0, 47.0, 47.0, 50.0, 61.0, 70.0, 70.0, 82.0, 88.0, 108.0, 117.0, 117.0, 135.0, 129.0, 132.0, 138.0, 138.0, 135.0, 131.0, 133.0, 125.0, 110.0, 109.0, 98.0, 98.0, 95.0, 78.0, 56.0, 41.0, 29.0, 18.0, 0.0
1.785225782642E12, 19.0, 28.0, 33.0, 33.0, 31.0, 32.0, 44.0, 44.0, 51.0, 61.0, 65.0, 65.0, 79.0, 84.0, 101.0, 119.0, 119.0, 133.0, 135.0, 150.0, 151.0, 154.0, 154.0, 156.0, 157.0, 157.0, 155.0, 146.0, 138.0, 145.0, 124.0, 124.0, 117.0, 117.0, 113.0, 93.0, 75.0, 56.0, 41.0, 28.0, 10.0
1.785225784967E12, 21.0, 28.0, 36.0, 31.0, 31.0, 35.0, 38.0, 48.0, 52.0, 52.0, 52.0, 66.0, 74.0, 74.0, 94.0, 98.0, 106.0, 122.0, 129.0, 129.0, 132.0, 141.0, 129.0, 131.0, 126.0, 130.0, 122.0, 122.0, 114.0, 103.0, 95.0, 95.0, 79.0, 62.0, 53.0, 32.0, 22.0, 4.0, 4.0, 0.0
1.785225787293E12, 25.0, 29.0, 27.0, 27.0, 30.0, 27.0, 41.0, 41.0, 48.0, 56.0, 57.0, 71.0, 71.0, 80.0, 91.0, 107.0, 107.0, 116.0, 125.0, 132.0, 134.0, 135.0, 135.0, 135.0, 127.0, 131.0, 136.0, 134.0, 111.0, 110.0, 101.0, 101.0, 95.0, 79.0, 60.0, 47.0, 32.0, 22.0, 2.0
1.785225789545E12, 18.0, 27.0, 26.0, 24.0, 24.0, 24.0, 35.0, 48.0, 48.0, 54.0, 56.0, 69.0, 69.0, 84.0, 98.0, 119.0, 128.0, 140.0, 140.0, 150.0, 152.0, 149.0, 151.0, 147.0, 147.0, 139.0, 142.0, 136.0, 122.0, 118.0, 105.0, 100.0, 84.0, 72.0, 55.0, 55.0, 36.0, 22.0, 16.0
1.785225791868E12, 20.0, 28.0, 37.0, 29.0, 27.0, 27.0, 35.0, 45.0, 47.0, 47.0, 54.0, 61.0, 70.0, 70.0, 81.0, 94.0, 103.0, 118.0, 118.0, 118.0, 126.0, 138.0, 137.0, 134.0, 134.0, 128.0, 124.0, 115.0, 116.0, 114.0, 105.0, 101.0, 91.0, 91.0, 91.0, 79.0, 58.0, 42.0, 32.0, 18.0, 3.0
1.785225794193E12, 19.0, 29.0, 34.0, 34.0, 30.0, 30.0, 38.0, 38.0, 43.0, 46.0, 49.0, 57.0, 57.0, 65.0, 78.0, 84.0, 84.0, 90.0, 105.0, 111.0, 116.0, 116.0, 122.0, 124.0, 121.0, 126.0, 123.0, 123.0, 123.0, 120.0, 108.0, 94.0, 105.0, 94.0, 83.0, 55.0, 43.0, 43.0, 27.0, 16.0, 0.0
1.785225796517E12, 21.0, 28.0, 26.0, 26.0, 31.0, 30.0, 41.0, 41.0, 48.0, 57.0, 65.0, 65.0, 74.0, 90.0, 92.0, 116.0, 116.0, 129.0, 140.0, 129.0, 137.0, 137.0, 137.0, 134.0, 137.0, 133.0, 127.0, 127.0, 112.0, 110.0, 110.0, 103.0, 90.0, 73.0, 62.0, 46.0, 24.0, 16.0
1.785225798767E12, 23.0, 26.0, 33.0, 21.0, 21.0, 24.0, 33.0, 45.0, 45.0, 47.0, 52.0, 63.0, 73.0, 73.0, 83.0, 100.0, 112.0, 112.0, 119.0, 130.0, 133.0, 134.0, 139.0, 139.0, 138.0, 134.0, 133.0, 126.0, 120.0, 119.0, 105.0, 92.0, 92.0, 85.0, 70.0, 48.0, 31.0, 19.0, 7.0
1.785225801018E12, 27.0, 28.0, 26.0, 28.0, 28.0, 28.0, 35.0, 44.0, 44.0, 49.0, 58.0, 67.0, 67.0, 78.0, 95.0, 105.0, 120.0, 120.0, 136.0, 140.0, 141.0, 152.0, 149.0, 149.0, 144.0, 144.0, 139.0, 132.0, 126.0, 118.0, 113.0, 109.0, 94.0, 86.0, 86.0, 69.0, 53.0, 38.0, 24.0, 9.0
1.785225803194E12, 23.0, 26.0, 33.0, 29.0, 26.0, 26.0, 25.0, 45.0, 47.0, 47.0, 55.0, 55.0, 68.0, 84.0, 84.0, 96.0, 113.0, 133.0, 133.0, 133.0, 136.0, 144.0, 145.0, 144.0, 143.0, 136.0, 124.0, 124.0, 123.0, 115.0, 102.0, 93.0, 75.0, 63.0, 41.0, 28.0, 16.0, 0.0
1.785225805518E12, 27.0, 33.0, 37.0, 32.0, 33.0, 33.0, 37.0, 50.0, 58.0, 58.0, 61.0, 67.0, 81.0, 93.0, 93.0, 101.0, 117.0, 124.0, 129.0, 129.0, 134.0, 129.0, 127.0, 121.0, 129.0, 124.0, 126.0, 126.0, 102.0, 96.0, 94.0, 75.0, 62.0, 52.0, 36.0, 19.0, 4.0, 4.0
1.785225807691E12, 19.0, 25.0, 34.0, 31.0, 33.0, 33.0, 37.0, 54.0, 57.0, 57.0, 63.0, 68.0, 86.0, 94.0, 94.0, 116.0, 116.0, 123.0, 131.0, 131.0, 138.0, 140.0, 149.0, 139.0, 133.0, 139.0, 139.0, 133.0, 127.0, 123.0, 111.0, 109.0, 98.0, 89.0, 70.0, 62.0, 36.0, 27.0, 12.0, 12.0
1.785225809868E12, 20.0, 26.0, 34.0, 26.0, 26.0, 23.0, 36.0, 45.0, 51.0, 51.0, 46.0, 50.0, 60.0, 60.0, 68.0, 77.0, 91.0, 102.0, 102.0, 106.0, 122.0, 123.0, 125.0, 130.0, 130.0, 123.0, 124.0, 127.0, 119.0, 112.0, 104.0, 102.0, 98.0, 98.0, 89.0, 73.0, 53.0, 36.0, 22.0, 13.0
1.785225812267E12, 20.0, 29.0, 30.0, 28.0, 28.0, 27.0, 37.0, 44.0, 44.0, 49.0, 51.0, 61.0, 61.0, 66.0, 80.0, 86.0, 96.0, 96.0, 110.0, 118.0, 119.0, 121.0, 121.0, 116.0, 120.0, 124.0, 120.0, 116.0, 109.0, 104.0, 104.0, 96.0, 97.0, 84.0, 67.0, 58.0, 39.0, 31.0, 12.0, 12.0, 0.0
1.785225813841E12, 19.0, 24.0, 27.0, 0.0
1.785225814366E12, 72.0, 87.0, 110.0, 129.0, 129.0, 139.0, 153.0, 145.0, 142.0, 139.0, 139.0, 133.0, 128.0, 122.0, 109.0, 98.0, 95.0, 91.0, 91.0, 78.0, 66.0, 49.0, 40.0, 28.0, 10.0, 3.0
1.785225816618E12, 23.0, 31.0, 35.0, 41.0, 41.0, 41.0, 57.0, 68.0, 68.0, 78.0, 86.0, 98.0, 106.0, 106.0, 122.0, 129.0, 136.0, 147.0, 147.0, 144.0, 145.0, 148.0, 141.0, 134.0, 135.0, 140.0, 140.0, 131.0, 127.0, 112.0, 106.0, 102.0, 90.0, 78.0, 64.0, 51.0, 31.0, 21.0, 1.0
1.78522581894E12, 23.0, 34.0, 40.0, 33.0, 37.0, 37.0, 40.0, 54.0, 53.0, 53.0, 64.0, 76.0, 85.0, 88.0, 88.0, 100.0, 111.0, 116.0, 128.0, 129.0, 129.0, 134.0, 140.0, 142.0, 135.0, 137.0, 128.0, 128.0, 124.0, 124.0, 112.0, 104.0, 95.0, 80.0, 64.0, 50.0, 33.0, 20.0, 7.0, 0.0
1.78522582134E12, 22.0, 28.0, 36.0, 31.0, 32.0, 32.0, 37.0, 49.0, 55.0, 55.0, 59.0, 66.0, 72.0, 87.0, 87.0, 99.0, 111.0, 126.0, 131.0, 133.0, 133.0, 137.0, 132.0, 141.0, 141.0, 138.0, 119.0, 128.0, 128.0, 117.0, 108.0, 101.0, 94.0, 79.0, 62.0, 46.0, 30.0, 19.0, 4.0
1.785225823591E12, 22.0, 27.0, 35.0, 33.0, 33.0, 37.0, 34.0, 44.0, 44.0, 54.0, 61.0, 71.0, 71.0, 88.0, 100.0, 114.0, 128.0, 128.0, 136.0, 138.0, 144.0, 145.0, 146.0, 148.0, 148.0, 142.0, 129.0, 134.0, 124.0, 118.0, 105.0, 95.0, 76.0, 68.0, 48.0, 48.0, 43.0, 22.0, 3.0
1.785225825917E12, 22.0, 29.0, 29.0, 31.0, 31.0, 29.0, 39.0, 44.0, 44.0, 51.0, 58.0, 65.0, 65.0, 72.0, 87.0, 101.0, 112.0, 112.0, 124.0, 122.0, 123.0, 126.0, 122.0, 122.0, 123.0, 129.0, 124.0, 118.0, 109.0, 104.0, 94.0, 94.0, 94.0, 73.0, 60.0, 48.0, 33.0, 17.0, 2.0
1.785225828242E12, 20.0, 23.0, 27.0, 21.0, 21.0, 19.0, 26.0, 34.0, 34.0, 36.0, 41.0, 51.0, 51.0, 66.0, 79.0, 99.0, 99.0, 111.0, 120.0, 131.0, 131.0, 131.0, 131.0, 133.0, 128.0, 121.0, 118.0, 118.0, 114.0, 109.0, 106.0, 94.0, 75.0, 70.0, 48.0, 35.0, 35.0, 13.0, 4.0
1.785225830492E12, 20.0, 26.0, 35.0, 30.0, 30.0, 30.0, 35.0, 44.0, 44.0, 50.0, 53.0, 60.0, 60.0, 67.0, 77.0, 96.0, 104.0, 104.0, 120.0, 119.0, 122.0, 131.0, 131.0, 128.0, 129.0, 131.0, 124.0, 118.0, 118.0, 114.0, 109.0, 104.0, 97.0, 82.0, 61.0, 55.0, 33.0, 33.0, 18.0, 5.0
1.785225832743E12, 27.0, 31.0, 39.0, 28.0, 28.0, 27.0, 35.0, 44.0, 44.0, 51.0, 55.0, 63.0, 63.0, 72.0, 83.0, 96.0, 96.0, 104.0, 117.0, 117.0, 119.0, 119.0, 125.0, 121.0, 117.0, 118.0, 116.0, 108.0, 108.0, 100.0, 92.0, 94.0, 94.0, 75.0, 53.0, 53.0, 45.0, 34.0, 22.0, 6.0
1.785225835142E12, 18.0, 24.0, 28.0, 22.0, 22.0, 29.0, 35.0, 35.0, 45.0, 48.0, 55.0, 55.0, 67.0, 73.0, 79.0, 79.0, 99.0, 116.0, 125.0, 134.0, 134.0, 134.0, 134.0, 140.0, 132.0, 128.0, 128.0, 134.0, 129.0, 128.0, 118.0, 108.0, 101.0, 100.0, 85.0, 85.0, 64.0, 50.0, 35.0, 20.0, 1.0
1.78522583739E12, 24.0, 37.0, 34.0, 28.0, 28.0, 30.0, 35.0, 41.0, 41.0, 46.0, 49.0, 56.0, 56.0, 69.0, 76.0, 87.0, 87.0, 99.0, 109.0, 113.0, 121.0, 121.0, 122.0, 120.0, 124.0, 120.0, 117.0, 117.0, 117.0, 110.0, 101.0, 102.0, 89.0, 80.0, 64.0, 43.0, 29.0, 29.0, 13.0, 9.0
1.785225839566E12, 19.0, 29.0, 24.0, 24.0, 30.0, 23.0, 34.0, 34.0, 40.0, 52.0, 56.0, 56.0, 60.0, 69.0, 89.0, 89.0, 98.0, 120.0, 116.0, 122.0, 122.0, 124.0, 124.0, 120.0, 121.0, 115.0, 115.0, 112.0, 111.0, 103.0, 93.0, 96.0, 81.0, 81.0, 71.0, 50.0, 36.0, 24.0, 15.0
1.78522584189E12, 21.0, 34.0, 36.0, 36.0, 32.0, 37.0, 39.0, 39.0, 46.0, 48.0, 56.0, 56.0, 57.0, 69.0, 77.0, 77.0, 87.0, 100.0, 106.0, 111.0, 111.0, 120.0, 116.0, 122.0, 125.0, 125.0, 122.0, 115.0, 110.0, 101.0, 89.0, 92.0, 92.0, 93.0, 81.0, 70.0, 52.0, 45.0, 33.0, 19.0, 5.0, 5.0
1.785225844217E12, 19.0, 27.0, 24.0, 24.0, 30.0, 31.0, 40.0, 40.0, 46.0, 52.0, 60.0, 60.0, 66.0, 86.0, 92.0, 92.0, 108.0, 104.0, 109.0, 109.0, 118.0, 114.0, 115.0, 121.0, 115.0, 115.0, 112.0, 110.0, 102.0, 97.0, 90.0, 87.0, 87.0, 76.0, 63.0, 39.0, 29.0, 23.0, 14.0
1.785225846613E12, 20.0, 35.0, 37.0, 36.0, 36.0, 29.0, 38.0, 38.0, 48.0, 54.0, 62.0, 62.0, 68.0, 78.0, 96.0, 96.0, 108.0, 119.0, 131.0, 136.0, 131.0, 131.0, 141.0, 137.0, 138.0, 141.0, 132.0, 132.0, 126.0, 121.0, 112.0, 103.0, 105.0, 92.0, 81.0, 62.0, 41.0, 41.0, 26.0, 12.0
1.785225848716E12, 22.0, 32.0, 29.0, 29.0, 31.0, 29.0, 37.0, 37.0, 42.0, 47.0, 48.0, 48.0, 63.0, 63.0, 85.0, 92.0, 92.0, 108.0, 105.0, 114.0, 116.0, 116.0, 117.0, 121.0, 118.0, 116.0, 119.0, 117.0, 117.0, 112.0, 111.0, 97.0, 85.0, 79.0, 63.0, 52.0, 52.0, 32.0, 21.0, 9.0
1.78522585104E12, 19.0, 21.0, 26.0, 29.0, 29.0, 29.0, 36.0, 41.0, 41.0, 43.0, 42.0, 42.0, 48.0, 55.0, 63.0, 77.0, 77.0, 80.0, 94.0, 104.0, 104.0, 113.0, 109.0, 117.0, 118.0, 118.0, 118.0, 117.0, 105.0, 107.0, 104.0, 104.0, 104.0, 88.0, 85.0, 74.0, 59.0, 51.0, 37.0, 31.0, 31.0, 10.0, 0.0
1.78522585329E12, 18.0, 29.0, 36.0, 33.0, 33.0, 33.0, 39.0, 51.0, 51.0, 55.0, 55.0, 72.0, 72.0, 82.0, 96.0, 94.0, 94.0, 109.0, 115.0, 121.0, 129.0, 129.0, 128.0, 126.0, 130.0, 130.0, 125.0, 125.0, 127.0, 116.0, 111.0, 109.0, 99.0, 85.0, 72.0, 57.0, 37.0, 37.0, 21.0, 6.0
1.785225855691E12, 22.0, 27.0, 29.0, 29.0, 27.0, 29.0, 37.0, 37.0, 41.0, 48.0, 51.0, 51.0, 66.0, 83.0, 99.0, 99.0, 105.0, 117.0, 123.0, 127.0, 127.0, 132.0, 123.0, 124.0, 125.0, 121.0, 121.0, 108.0, 105.0, 102.0, 95.0, 88.0, 73.0, 59.0, 59.0, 53.0, 36.0, 24.0, 6.0
1.785225858091E12, 22.0, 29.0, 34.0, 28.0, 28.0, 33.0, 37.0, 47.0, 47.0, 50.0, 54.0, 67.0, 67.0, 79.0, 90.0, 107.0, 107.0, 114.0, 122.0, 131.0, 131.0, 131.0, 126.0, 131.0, 128.0, 125.0, 125.0, 125.0, 112.0, 106.0, 100.0, 95.0, 84.0, 68.0, 49.0, 27.0, 27.0, 31.0, 13.0, 10.0
1.785225860341E12, 20.0, 30.0, 29.0, 31.0, 31.0, 31.0, 39.0, 39.0, 51.0, 57.0, 68.0, 68.0, 69.0, 80.0, 91.0, 91.0, 92.0, 106.0, 114.0, 123.0, 123.0, 108.0, 115.0, 110.0, 107.0, 109.0, 109.0, 102.0, 98.0, 97.0, 86.0, 85.0, 80.0, 80.0, 78.0, 59.0, 52.0, 37.0, 27.0, 10.0, 0.0, 0.0
1.785225862666E12, 21.0, 31.0, 30.0, 34.0, 34.0, 34.0, 39.0, 39.0, 44.0, 48.0, 52.0, 52.0, 60.0, 68.0, 78.0, 78.0, 87.0, 97.0, 112.0, 115.0, 115.0, 113.0, 122.0, 120.0, 117.0, 117.0, 118.0, 114.0, 105.0, 112.0, 99.0, 99.0, 101.0, 90.0, 81.0, 71.0, 55.0, 38.0, 21.0, 21.0, 11.0
1.785225864988E12, 17.0, 24.0, 35.0, 24.0, 24.0, 23.0, 28.0, 39.0, 39.0, 44.0, 45.0, 45.0, 51.0, 55.0, 70.0, 70.0, 81.0, 93.0, 103.0, 105.0, 105.0, 108.0, 114.0, 112.0, 109.0, 109.0, 112.0, 106.0, 99.0, 95.0, 82.0, 82.0, 81.0, 79.0, 68.0, 57.0, 40.0, 31.0, 31.0, 17.0, 10.0
1.785225867313E12, 30.0, 37.0, 38.0, 28.0, 28.0, 37.0, 43.0, 43.0, 55.0, 58.0, 62.0, 62.0, 72.0, 80.0, 89.0, 89.0, 108.0, 115.0, 120.0, 125.0, 125.0, 123.0, 121.0, 123.0, 114.0, 114.0, 109.0, 103.0, 96.0, 84.0, 96.0, 86.0, 86.0, 85.0, 55.0, 43.0, 27.0, 21.0, 8.0
1.785225869491E12, 22.0, 22.0, 30.0, 29.0, 29.0, 31.0, 35.0, 35.0, 43.0, 49.0, 57.0, 57.0, 61.0, 77.0, 90.0, 90.0, 105.0, 105.0, 115.0, 115.0, 117.0, 118.0, 122.0, 116.0, 109.0, 109.0, 109.0, 106.0, 95.0, 107.0, 101.0, 101.0, 100.0, 84.0, 73.0, 65.0, 55.0, 38.0, 23.0, 23.0, 8.0
1.785225871891E12, 25.0, 35.0, 33.0, 33.0, 32.0, 30.0, 36.0, 36.0, 45.0, 55.0, 55.0, 59.0, 60.0, 71.0, 71.0, 82.0, 95.0, 107.0, 116.0, 116.0, 120.0, 126.0, 121.0, 126.0, 126.0, 128.0, 122.0, 109.0, 109.0, 107.0, 107.0, 99.0, 100.0, 88.0, 73.0, 59.0, 40.0, 37.0, 37.0, 14.0, 7.0
1.785225874216E12, 24.0, 29.0, 36.0, 23.0, 23.0, 29.0, 34.0, 48.0, 48.0, 48.0, 52.0, 52.0, 61.0, 68.0, 81.0, 81.0, 88.0, 94.0, 103.0, 104.0, 104.0, 102.0, 107.0, 106.0, 107.0, 107.0, 106.0, 100.0, 93.0, 96.0, 92.0, 84.0, 84.0, 77.0, 62.0, 53.0, 30.0, 31.0, 18.0, 18.0, 11.0
1.785225876466E12, 25.0, 28.0, 30.0, 30.0, 29.0, 34.0, 38.0, 38.0, 46.0, 47.0, 50.0, 50.0, 57.0, 65.0, 65.0, 73.0, 83.0, 92.0, 99.0, 99.0, 106.0, 111.0, 114.0, 114.0, 122.0, 116.0, 105.0, 107.0, 101.0, 101.0, 98.0, 98.0, 90.0, 82.0, 79.0, 67.0, 67.0, 60.0, 50.0, 34.0, 17.0, 5.0
1.785225878864E12, 23.0, 40.0, 32.0, 32.0, 35.0, 38.0, 51.0, 51.0, 57.0, 66.0, 66.0, 72.0, 80.0, 83.0, 83.0, 98.0, 105.0, 110.0, 119.0, 119.0, 120.0, 123.0, 125.0, 122.0, 122.0, 111.0, 110.0, 101.0, 99.0, 97.0, 91.0, 91.0, 87.0, 78.0, 63.0, 51.0, 36.0, 24.0, 5.0, 5.0
1.785225881189E12, 24.0, 27.0, 24.0, 24.0, 30.0, 30.0, 42.0, 42.0, 46.0, 52.0, 55.0, 55.0, 57.0, 65.0, 75.0, 75.0, 89.0, 100.0, 117.0, 117.0, 118.0, 117.0, 126.0, 125.0, 125.0, 123.0, 120.0, 117.0, 110.0, 112.0, 102.0, 102.0, 103.0, 103.0, 93.0, 77.0, 67.0, 54.0, 42.0, 42.0, 22.0, 9.0, 0.0
1.785225883442E12, 20.0, 28.0, 26.0, 20.0, 20.0, 26.0, 30.0, 41.0, 41.0, 44.0, 45.0, 54.0, 54.0, 60.0, 72.0, 76.0, 76.0, 85.0, 96.0, 101.0, 101.0, 103.0, 108.0, 109.0, 106.0, 106.0, 110.0, 106.0, 93.0, 104.0, 96.0, 98.0, 98.0, 86.0, 78.0, 69.0, 55.0, 43.0, 33.0, 33.0, 20.0, 5.0
1.785225885911E12, 21.0, 29.0, 32.0, 32.0, 35.0, 31.0, 37.0, 37.0, 38.0, 44.0, 45.0, 45.0, 50.0, 62.0, 62.0, 70.0, 81.0, 82.0, 94.0, 94.0, 99.0, 105.0, 113.0, 113.0, 111.0, 102.0, 107.0, 102.0, 98.0, 98.0, 94.0, 91.0, 90.0, 91.0, 83.0, 74.0, 74.0, 65.0, 51.0, 39.0, 26.0, 11.0, 0.0, 0.0, 0.0
1.785225888014E12, 25.0, 29.0, 25.0, 25.0, 29.0, 26.0, 39.0, 39.0, 44.0, 49.0, 49.0, 55.0, 73.0, 91.0, 91.0, 101.0, 120.0, 131.0, 137.0, 137.0, 146.0, 141.0, 138.0, 134.0, 134.0, 131.0, 127.0, 128.0, 108.0, 101.0, 96.0, 90.0, 90.0, 72.0, 56.0, 38.0, 27.0, 15.0, 0.0
1.785225890488E12, 22.0, 29.0, 33.0, 26.0, 26.0, 29.0, 32.0, 38.0, 38.0, 47.0, 49.0, 49.0, 57.0, 55.0, 65.0, 65.0, 72.0, 79.0, 89.0, 91.0, 91.0, 89.0, 95.0, 94.0, 95.0, 95.0, 94.0, 90.0, 85.0, 87.0, 87.0, 80.0, 70.0, 62.0, 47.0, 36.0, 36.0, 21.0, 8.0, 0.0
1.78522589259E12, 23.0, 25.0, 35.0, 34.0, 34.0, 31.0, 36.0, 36.0, 46.0, 47.0, 47.0, 51.0, 51.0, 58.0, 58.0, 65.0, 73.0, 77.0, 77.0, 84.0, 85.0, 87.0, 87.0, 91.0, 90.0, 90.0, 92.0, 92.0, 88.0, 88.0, 95.0, 97.0, 97.0, 88.0, 87.0, 80.0, 72.0, 63.0, 63.0, 40.0, 32.0, 15.0, 6.0
1.78522589484E12, 20.0, 26.0, 34.0, 33.0, 33.0, 34.0, 41.0, 41.0, 51.0, 59.0, 61.0, 61.0, 68.0, 79.0, 79.0, 89.0, 102.0, 116.0, 120.0, 120.0, 117.0, 119.0, 112.0, 105.0, 105.0, 104.0, 101.0, 97.0, 93.0, 93.0, 88.0, 85.0, 85.0, 74.0, 69.0, 64.0, 64.0, 54.0, 35.0, 20.0, 6.0
1.785225897163E12, 23.0, 35.0, 32.0, 32.0, 28.0, 29.0, 29.0, 31.0, 43.0, 49.0, 49.0, 54.0, 55.0, 63.0, 63.0, 73.0, 79.0, 92.0, 92.0, 98.0, 102.0, 112.0, 112.0, 110.0, 111.0, 117.0, 116.0, 117.0, 117.0, 117.0, 109.0, 109.0, 104.0, 95.0, 95.0, 74.0, 63.0, 46.0, 21.0, 11.0
1.785225899413E12, 17.0, 31.0, 25.0, 25.0, 30.0, 29.0, 40.0, 40.0, 43.0, 48.0, 48.0, 50.0, 54.0, 67.0, 67.0, 77.0, 82.0, 103.0, 103.0, 110.0, 120.0, 118.0, 119.0, 119.0, 118.0, 114.0, 112.0, 110.0, 111.0, 111.0, 102.0, 92.0, 95.0, 88.0, 85.0, 74.0, 58.0, 58.0, 41.0, 31.0, 16.0, 10.0, 0.0
1.785225901663E12, 24.0, 26.0, 33.0, 26.0, 26.0, 26.0, 33.0, 33.0, 37.0, 40.0, 44.0, 44.0, 54.0, 63.0, 68.0, 68.0, 82.0, 89.0, 95.0, 95.0, 105.0, 103.0, 103.0, 107.0, 107.0, 106.0, 106.0, 108.0, 102.0, 98.0, 98.0, 94.0, 93.0, 82.0, 70.0, 56.0, 43.0, 43.0, 30.0, 12.0, 4.0
1.785225903914E12, 23.0, 33.0, 37.0, 37.0, 34.0, 37.0, 43.0, 43.0, 53.0, 60.0, 64.0, 64.0, 66.0, 69.0, 86.0, 86.0, 90.0, 107.0, 98.0, 98.0, 102.0, 105.0, 102.0, 107.0, 107.0, 109.0, 108.0, 100.0, 103.0, 100.0, 100.0, 94.0, 90.0, 81.0, 62.0, 48.0, 31.0, 31.0, 22.0, 15.0
1.785225906164E12, 18.0, 28.0, 30.0, 29.0, 29.0, 25.0, 33.0, 33.0, 44.0, 47.0, 48.0, 48.0, 57.0, 66.0, 76.0, 76.0, 89.0, 99.0, 106.0, 106.0, 119.0, 116.0, 117.0, 119.0, 119.0, 115.0, 110.0, 114.0, 110.0, 109.0, 109.0, 95.0, 101.0, 90.0, 94.0, 73.0, 62.0, 50.0, 50.0, 24.0, 16.0
1.785225908489E12, 18.0, 24.0, 27.0, 33.0, 33.0, 35.0, 48.0, 48.0, 51.0, 57.0, 57.0, 57.0, 75.0, 80.0, 97.0, 97.0, 92.0, 98.0, 110.0, 114.0, 114.0, 116.0, 119.0, 115.0, 115.0, 115.0, 117.0, 112.0, 106.0, 105.0, 94.0, 86.0, 86.0, 77.0, 65.0, 48.0, 30.0, 17.0, 4.0, 4.0
1.785225910814E12, 26.0, 23.0, 31.0, 31.0, 33.0, 37.0, 40.0, 40.0, 41.0, 45.0, 45.0, 49.0, 59.0, 64.0, 64.0, 70.0, 83.0, 90.0, 96.0, 96.0, 103.0, 103.0, 100.0, 100.0, 107.0, 103.0, 102.0, 99.0, 94.0, 94.0, 97.0, 97.0, 90.0, 77.0, 76.0, 76.0, 69.0, 58.0, 47.0, 32.0, 17.0, 2.0, 2.0
1.78522591314E12, 21.0, 26.0, 32.0, 31.0, 31.0, 35.0, 38.0, 47.0, 47.0, 46.0, 40.0, 40.0, 55.0, 62.0, 68.0, 68.0, 71.0, 83.0, 94.0, 94.0, 102.0, 106.0, 113.0, 121.0, 121.0, 117.0, 113.0, 119.0, 113.0, 114.0, 114.0, 113.0, 107.0, 103.0, 98.0, 90.0, 73.0, 73.0, 64.0, 45.0, 26.0, 11.0, 0.0
1.78522591539E12, 19.0, 25.0, 30.0, 28.0, 28.0, 26.0, 36.0, 36.0, 43.0, 45.0, 45.0, 45.0, 51.0, 59.0, 66.0, 66.0, 81.0, 93.0, 102.0, 102.0, 115.0, 117.0, 119.0, 123.0, 118.0, 118.0, 115.0, 116.0, 114.0, 110.0, 105.0, 105.0, 101.0, 96.0, 99.0, 82.0, 70.0, 59.0, 44.0, 27.0, 27.0, 13.0, 0.0
1.785225917639E12, 22.0, 28.0, 31.0, 27.0, 27.0, 28.0, 31.0, 37.0, 37.0, 46.0, 45.0, 53.0, 53.0, 51.0, 65.0, 80.0, 80.0, 93.0, 98.0, 111.0, 111.0, 114.0, 115.0, 119.0, 116.0, 114.0, 114.0, 118.0, 108.0, 104.0, 100.0, 95.0, 90.0, 90.0, 82.0, 67.0, 47.0, 39.0, 21.0, 13.0, 13.0
1.785225920184E12, 26.0, 32.0, 33.0, 36.0, 36.0, 34.0, 44.0, 44.0, 52.0, 58.0, 58.0, 58.0, 69.0, 72.0, 82.0, 82.0, 94.0, 104.0, 108.0, 119.0, 119.0, 119.0, 117.0, 114.0, 114.0, 114.0, 114.0, 121.0, 114.0, 110.0, 115.0, 107.0, 96.0, 96.0, 93.0, 83.0, 68.0, 46.0, 27.0, 23.0, 5.0
1.785225922288E12, 19.0, 24.0, 31.0, 29.0, 29.0, 29.0, 31.0, 49.0, 49.0, 48.0, 48.0, 44.0, 44.0, 53.0, 59.0, 70.0, 70.0, 75.0, 82.0, 93.0, 96.0, 96.0, 100.0, 108.0, 107.0, 110.0, 110.0, 106.0, 104.0, 95.0, 94.0, 88.0, 79.0, 79.0, 73.0, 57.0, 42.0, 24.0, 9.0, 9.0, 10.0
1.785225924539E12, 25.0, 29.0, 32.0, 32.0, 27.0, 29.0, 38.0, 38.0, 45.0, 47.0, 47.0, 49.0, 52.0, 57.0, 57.0, 67.0, 76.0, 83.0, 83.0, 96.0, 99.0, 104.0, 110.0, 110.0, 107.0, 113.0, 114.0, 113.0, 113.0, 100.0, 103.0, 99.0, 92.0, 81.0, 81.0, 73.0, 64.0, 56.0, 34.0, 16.0, 5.0, 5.0, 0.0
