0.0, 86.0
0.0, 86.0
0.842, 87.0
1.852, 87.0
2.82, 88.0
3.878, 88.0
4.824, 88.0
5.859, 88.0
6.892, 88.0
7.928, 88.0
8.85, 88.0
9.817, 88.0
10.831, 88.0
11.822, 88.0
12.834, 87.0
13.822, 87.0
14.859, 87.0
15.828, 87.0
16.884, 87.0
17.85, 87.0
18.819, 87.0
19.832, 87.0
20.843, 87.0
21.833, 87.0
22.821, 87.0
23.88, 87.0
24.87, 87.0
25.86, 87.0
26.851, 87.0
27.817, 87.0
28.833, 86.0
29.821, 85.0
30.834, 85.0
31.823, 84.0
32.858, 84.0
33.894, 85.0
34.883, 85.0
35.827, 85.0
36.818, 85.0
37.83, 86.0
38.82, 87.0
39.831, 88.0
40.823, 91.0
41.859, 94.0
42.958, 96.0
43.882, 97.0
44.852, 97.0
45.883, 97.0
46.83, 96.0
47.818, 95.0
48.831, 94.0
49.823, 93.0
50.854, 94.0
51.846, 95.0
52.858, 96.0
53.849, 97.0
54.841, 99.0
55.852, 100.0
56.819, 101.0
57.896, 103.0
58.822, 104.0
59.898, 105.0
60.823, 107.0
61.858, 108.0
62.826, 110.0
63.839, 111.0
64.828, 112.0
65.819, 113.0
66.876, 113.0
67.908, 114.0
68.879, 114.0
69.846, 115.0
70.858, 115.0
71.85, 116.0
72.86, 117.0
73.829, 117.0
74.932, 118.0
75.898, 118.0
76.822, 119.0
77.878, 119.0
78.847, 120.0
79.835, 120.0
80.85, 121.0
81.84, 121.0
82.826, 122.0
83.817, 122.0
84.828, 123.0
85.819, 123.0
86.855, 123.0
87.867, 123.0
88.857, 123.0
89.823, 124.0
90.837, 124.0
91.828, 124.0
92.841, 125.0
93.829, 125.0
94.82, 125.0
95.854, 126.0
96.845, 126.0
97.877, 127.0
98.825, 127.0
99.835, 128.0
100.85, 129.0
101.818, 129.0
102.829, 129.0
103.819, 130.0
104.877, 130.0
105.842, 131.0
106.879, 131.0
107.823, 131.0
108.835, 131.0
109.826, 131.0
110.905, 132.0
111.851, 132.0
112.862, 132.0
113.83, 132.0
114.82, 132.0
115.854, 132.0
116.844, 132.0
117.902, 132.0
118.891, 132.0
119.905, 132.0
120.873, 132.0
121.864, 132.0
122.853, 133.0
123.843, 133.0
125.011, 133.0
125.89, 133.0
126.836, 133.0
127.822, 134.0
128.838, 134.0
129.835, 134.0
130.864, 134.0
131.829, 134.0
132.843, 135.0
133.853, 135.0
134.821, 135.0
135.834, 135.0
136.822, 135.0
137.882, 135.0
138.846, 135.0
139.839, 135.0
140.854, 135.0
141.82, 135.0
142.854, 135.0
143.845, 135.0
144.835, 135.0
145.826, 136.0
146.905, 136.0
147.828, 136.0
148.839, 136.0
149.852, 136.0
150.842, 136.0
151.853, 136.0
152.821, 136.0
153.925, 137.0
154.892, 137.0
155.903, 137.0
156.87, 137.0
157.907, 138.0
158.852, 138.0
159.84, 138.0
160.853, 139.0
161.842, 139.0
162.833, 139.0
163.824, 139.0
164.903, 140.0
165.851, 140.0
166.861, 140.0
167.851, 140.0
168.838, 140.0
169.854, 140.0
170.821, 140.0
171.847, 140.0
172.868, 141.0
173.837, 141.0
174.848, 141.0
175.861, 141.0
176.874, 141.0
177.842, 141.0
178.855, 141.0
179.843, 142.0
180.831, 142.0
181.823, 142.0
182.902, 142.0
183.846, 142.0
184.859, 142.0
185.827, 142.0
186.929, 142.0
187.852, 142.0
188.819, 142.0
189.833, 142.0
190.823, 142.0
191.832, 142.0
192.847, 143.0
193.836, 143.0
194.849, 143.0
195.818, 143.0
196.851, 143.0
197.818, 143.0
198.854, 143.0
199.821, 143.0
200.833, 143.0
201.848, 143.0
202.858, 143.0
203.827, 143.0
204.839, 142.0
205.851, 142.0
206.821, 142.0
207.854, 142.0
208.867, 142.0
209.946, 142.0
210.845, 142.0
211.859, 142.0
212.848, 141.0
213.838, 140.0
214.85, 140.0
215.84, 140.0
216.832, 140.0
217.819, 140.0
218.901, 139.0
219.823, 139.0
220.858, 139.0
221.828, 138.0
222.839, 136.0
223.91, 135.0
224.817, 134.0
225.829, 133.0
226.821, 131.0
227.833, 131.0
228.867, 129.0
229.835, 128.0
230.847, 127.0
231.86, 126.0
232.872, 125.0
233.84, 124.0
234.829, 124.0
235.887, 123.0
236.831, 122.0
237.843, 122.0
238.881, 122.0
239.824, 121.0
240.859, 121.0
241.85, 121.0
242.815, 120.0
243.873, 119.0
244.819, 118.0
245.9, 117.0
246.868, 117.0
247.858, 116.0
248.845, 116.0
249.836, 115.0
250.825, 115.0
251.861, 115.0
252.829, 116.0
253.82, 116.0
254.898, 117.0
255.867, 118.0
256.834, 119.0
257.845, 120.0
258.835, 121.0
259.848, 122.0
260.882, 123.0
261.874, 124.0
262.842, 125.0
263.896, 126.0
264.843, 127.0
265.945, 128.0
266.845, 129.0
267.835, 129.0
268.848, 130.0
269.838, 130.0
270.826, 131.0
271.841, 132.0
272.897, 132.0
273.842, 132.0
274.856, 133.0
275.866, 133.0
276.835, 134.0
277.848, 134.0
278.838, 135.0
279.849, 136.0
280.861, 136.0
281.897, 137.0
282.82, 138.0
283.855, 138.0
284.867, 139.0
285.871, 139.0
286.847, 140.0
287.86, 140.0
288.828, 140.0
289.864, 141.0
290.91, 141.0
291.82, 141.0
292.831, 141.0
293.844, 141.0
294.858, 142.0
295.847, 142.0
296.835, 142.0
297.895, 143.0
298.862, 143.0
299.896, 143.0
300.842, 143.0
301.854, 143.0
302.822, 143.0
303.835, 143.0
304.845, 144.0
305.837, 144.0
306.824, 144.0
307.839, 144.0
308.848, 145.0
309.841, 145.0
310.831, 145.0
311.819, 146.0
312.832, 146.0
313.844, 146.0
314.838, 147.0
315.825, 147.0
316.883, 147.0
317.894, 147.0
318.861, 147.0
319.83, 147.0
320.817, 147.0
321.831, 148.0
322.867, 148.0
323.835, 148.0
324.825, 148.0
325.837, 149.0
326.896, 149.0
327.817, 149.0
328.831, 149.0
329.819, 149.0
330.833, 149.0
331.845, 148.0
332.833, 148.0
333.825, 147.0
334.881, 147.0
335.893, 147.0
336.861, 147.0
337.829, 146.0
338.842, 146.0
339.944, 146.0
340.845, 147.0
341.856, 147.0
342.823, 147.0
343.859, 147.0
344.894, 147.0
345.839, 147.0
346.829, 147.0
347.819, 147.0
348.831, 147.0
349.844, 148.0
350.833, 148.0
351.823, 148.0
352.882, 148.0
353.824, 148.0
354.906, 147.0
355.916, 147.0
356.816, 148.0
357.831, 149.0
358.91, 150.0
359.855, 151.0
360.844, 152.0
361.836, 152.0
362.891, 152.0
363.837, 152.0
364.849, 151.0
365.817, 151.0
366.829, 151.0
367.845, 150.0
368.834, 149.0
369.845, 149.0
370.858, 148.0
371.824, 148.0
372.857, 148.0
373.849, 147.0
374.816, 147.0
375.829, 147.0
376.887, 147.0
377.831, 147.0
378.844, 147.0
379.856, 148.0
380.824, 148.0
381.858, 148.0
382.848, 148.0
383.817, 148.0
384.828, 147.0
385.841, 147.0
386.854, 147.0
387.869, 147.0
388.834, 147.0
389.825, 147.0
390.837, 147.0
391.825, 147.0
392.816, 147.0
393.828, 147.0
394.842, 147.0
395.831, 147.0
396.844, 147.0
397.832, 147.0
398.824, 147.0
399.834, 147.0
400.826, 147.0
401.839, 147.0
402.829, 147.0
403.842, 147.0
404.875, 147.0
405.867, 147.0
406.854, 147.0
407.824, 148.0
408.835, 148.0
409.849, 148.0
410.839, 147.0
411.83, 147.0
412.841, 146.0
413.854, 146.0
414.843, 145.0
415.834, 144.0
416.86, 144.0
417.836, 144.0
418.825, 144.0
419.837, 144.0
420.829, 144.0
421.841, 144.0
422.852, 144.0
423.879, 144.0
424.856, 143.0
425.889, 143.0
426.835, 141.0
427.824, 141.0
428.837, 140.0
429.847, 139.0
430.838, 138.0
431.881, 137.0
432.842, 136.0
433.832, 135.0
434.822, 134.0
435.835, 133.0
436.825, 132.0
437.836, 132.0
438.849, 131.0
439.862, 131.0
440.829, 130.0
441.819, 129.0
442.833, 128.0
443.888, 127.0
444.833, 126.0
445.823, 125.0
446.88, 125.0
447.824, 124.0
448.838, 124.0
449.851, 124.0
450.818, 123.0
451.833, 123.0
452.821, 122.0
453.835, 122.0
454.823, 121.0
455.881, 121.0
456.826, 120.0
457.885, 120.0
458.85, 120.0
459.863, 121.0
460.876, 122.0
461.821, 123.0
462.831, 124.0
463.823, 125.0
464.835, 126.0
465.825, 127.0
466.838, 128.0
467.851, 128.0
468.862, 129.0
469.83, 129.0
470.911, 130.0
471.833, 131.0
472.889, 131.0
473.902, 132.0
474.824, 132.0
475.857, 133.0
476.848, 133.0
477.837, 134.0
478.875, 135.0
479.818, 135.0
480.898, 136.0
481.823, 136.0
482.834, 136.0
483.824, 137.0
484.885, 137.0
485.848, 138.0
486.84, 138.0
487.875, 139.0
488.842, 139.0
489.854, 140.0
490.819, 140.0
491.856, 140.0
492.822, 141.0
493.836, 141.0
494.849, 141.0
495.837, 142.0
496.874, 142.0
497.841, 143.0
498.831, 143.0
499.821, 143.0
500.832, 144.0
501.845, 144.0
502.88, 144.0
503.826, 144.0
504.86, 145.0
505.874, 145.0
506.842, 145.0
507.853, 145.0
508.821, 145.0
509.833, 146.0
510.89, 146.0
511.858, 146.0
512.849, 147.0
513.838, 147.0
514.873, 147.0
515.838, 147.0
516.876, 147.0
517.821, 147.0
518.901, 148.0
519.822, 148.0
520.88, 148.0
521.849, 148.0
522.838, 148.0
523.85, 148.0
524.908, 148.0
525.92, 149.0
526.821, 149.0
527.833, 149.0
528.824, 149.0
529.902, 149.0
530.825, 149.0
531.838, 149.0
532.85, 149.0
533.863, 148.0
534.83, 148.0
535.842, 148.0
536.945, 149.0
537.822, 149.0
538.928, 149.0
539.87, 149.0
540.837, 149.0
541.85, 149.0
542.885, 148.0
543.853, 148.0
544.819, 148.0
545.834, 149.0
546.823, 149.0
547.857, 149.0
548.825, 149.0
549.837, 149.0
550.849, 149.0
551.953, 149.0
552.83, 149.0
553.818, 150.0
554.854, 150.0
555.845, 150.0
556.901, 151.0
557.889, 152.0
558.836, 153.0
559.849, 153.0
560.838, 154.0
561.829, 154.0
562.865, 154.0
563.832, 154.0
564.822, 154.0
565.856, 154.0
566.846, 154.0
567.858, 153.0
568.826, 153.0
569.839, 153.0
570.828, 153.0
571.819, 153.0
572.83, 153.0
573.821, 153.0
574.856, 153.0
575.913, 153.0
576.858, 153.0
577.847, 153.0
578.839, 153.0
579.851, 153.0
580.818, 153.0
581.83, 153.0
582.888, 153.0
583.833, 153.0
584.844, 153.0
585.858, 153.0
586.825, 153.0
587.862, 152.0
588.851, 152.0
589.885, 153.0
590.831, 153.0
591.843, 153.0
592.856, 152.0
593.844, 152.0
594.857, 152.0
595.825, 152.0
596.838, 151.0
597.827, 151.0
598.84, 151.0
599.831, 150.0
600.866, 150.0
601.855, 150.0
602.822, 151.0
603.833, 151.0
604.847, 152.0
605.86, 152.0
606.828, 152.0
607.908, 152.0
608.83, 152.0
609.842, 152.0
610.878, 152.0
611.867, 152.0
612.857, 152.0
613.823, 152.0
614.871, 152.0
615.851, 152.0
616.839, 152.0
617.829, 152.0
618.886, 151.0
619.877, 151.0
620.889, 150.0
621.834, 150.0
622.847, 149.0
623.837, 148.0
624.827, 149.0
625.84, 149.0
626.828, 149.0
627.817, 149.0
628.898, 148.0
629.844, 148.0
630.857, 148.0
631.823, 147.0
632.836, 146.0
633.849, 145.0
634.84, 144.0
635.827, 144.0
636.886, 143.0
637.92, 143.0
638.934, 142.0
639.833, 142.0
640.868, 142.0
641.926, 142.0
642.825, 142.0
643.86, 142.0
644.851, 141.0
645.884, 141.0
646.854, 141.0
647.82, 141.0
648.833, 140.0
649.824, 140.0
650.902, 140.0
651.861, 140.0
652.883, 139.0
653.873, 138.0
654.84, 138.0
655.853, 137.0
656.865, 137.0
657.833, 136.0
658.823, 136.0
659.857, 136.0
660.848, 135.0
661.859, 135.0
662.827, 135.0
663.93, 134.0
664.853, 135.0
665.821, 135.0
666.834, 135.0
667.822, 136.0
668.879, 136.0
669.846, 137.0
670.86, 137.0
671.824, 138.0
672.861, 138.0
673.875, 139.0
674.841, 139.0
675.832, 139.0
676.843, 140.0
677.835, 140.0
678.825, 140.0
679.859, 141.0
680.849, 141.0
681.86, 142.0
682.83, 142.0
683.82, 143.0
684.854, 143.0
685.821, 144.0
686.879, 144.0
687.913, 144.0
688.857, 145.0
689.871, 145.0
690.839, 145.0
691.897, 146.0
692.864, 146.0
693.854, 146.0
694.82, 146.0
695.854, 147.0
696.823, 147.0
697.859, 147.0
698.848, 147.0
699.839, 148.0
700.829, 148.0
701.84, 148.0
702.83, 148.0
703.821, 148.0
704.901, 148.0
705.823, 148.0
706.858, 148.0
707.826, 149.0
708.861, 149.0
709.85, 150.0
710.863, 150.0
711.831, 150.0
712.82, 151.0
713.9, 151.0
714.89, 152.0
715.858, 153.0
716.824, 154.0
717.883, 155.0
718.848, 155.0
719.929, 155.0
720.853, 155.0
721.82, 154.0
722.899, 155.0
723.823, 155.0
724.856, 155.0
725.846, 155.0
726.86, 155.0
727.85, 155.0
728.838, 155.0
729.831, 155.0
730.821, 155.0
731.833, 154.0
732.845, 154.0
733.858, 154.0
734.824, 154.0
735.836, 154.0
736.826, 154.0
737.862, 154.0
738.83, 154.0
739.819, 154.0
740.943, 153.0
741.889, 153.0
742.834, 153.0
743.846, 153.0
744.836, 153.0
745.847, 152.0
746.86, 153.0
747.829, 153.0
748.821, 153.0
749.83, 154.0
750.822, 154.0
751.878, 155.0
752.869, 156.0
753.858, 157.0
754.848, 157.0
755.837, 158.0
756.828, 158.0
757.842, 159.0
758.831, 159.0
759.82, 159.0
760.856, 159.0
761.845, 160.0
762.835, 160.0
763.871, 159.0
764.861, 160.0
765.828, 160.0
766.819, 160.0
767.831, 160.0
768.822, 160.0
769.855, 160.0
770.891, 161.0
771.858, 161.0
772.871, 161.0
773.839, 161.0
774.829, 160.0
775.837, 160.0
776.829, 160.0
777.82, 160.0
778.855, 160.0
779.823, 160.0
780.857, 160.0
781.825, 160.0
782.835, 160.0
783.827, 160.0
784.885, 161.0
785.827, 161.0
786.819, 161.0
787.833, 161.0
788.844, 160.0
789.88, 160.0
790.893, 159.0
791.836, 159.0
792.849, 158.0
793.839, 157.0
794.83, 157.0
795.821, 157.0
796.878, 156.0
797.844, 156.0
798.879, 155.0
799.826, 155.0
800.86, 154.0
801.871, 153.0
802.861, 152.0
803.874, 151.0
804.819, 150.0
805.854, 149.0
806.843, 149.0
807.833, 148.0
808.823, 148.0
809.836, 148.0
810.828, 148.0
811.861, 148.0
812.83, 147.0
813.885, 147.0
814.854, 146.0
815.911, 146.0
816.833, 144.0
817.845, 144.0
818.836, 142.0
819.848, 142.0
820.837, 141.0
821.851, 141.0
822.84, 141.0
823.897, 140.0
824.876, 140.0
825.833, 140.0
826.821, 139.0
827.836, 139.0
828.849, 139.0
829.838, 139.0
830.829, 140.0
831.862, 140.0
832.875, 140.0
833.843, 139.0
834.922, 139.0
835.869, 139.0
836.904, 139.0
837.824, 139.0
838.86, 139.0
839.917, 139.0
840.908, 139.0
841.851, 139.0
842.865, 139.0
843.833, 140.0
844.822, 140.0
845.835, 141.0
846.824, 141.0
847.86, 142.0
848.849, 142.0
849.861, 143.0
850.854, 143.0
851.864, 143.0
852.878, 143.0
853.845, 144.0
854.834, 144.0
855.825, 144.0
856.836, 145.0
857.893, 145.0
858.862, 146.0
859.851, 146.0
860.842, 146.0
861.831, 146.0
862.823, 147.0
863.833, 147.0
864.824, 147.0
865.926, 147.0
866.825, 147.0
867.884, 147.0
868.851, 148.0
869.863, 148.0
870.854, 148.0
871.843, 148.0
872.833, 149.0
873.822, 149.0
874.836, 149.0
875.828, 149.0
876.86, 150.0
877.851, 150.0
878.819, 150.0
879.83, 150.0
880.82, 150.0
881.855, 150.0
882.822, 151.0
883.836, 151.0
884.825, 152.0
885.882, 152.0
886.849, 152.0
887.839, 152.0
888.853, 152.0
889.843, 152.0
890.856, 151.0
891.823, 151.0
892.926, 150.0
893.826, 150.0
894.86, 150.0
895.896, 149.0
896.863, 150.0
897.83, 151.0
898.819, 152.0
899.855, 153.0
900.821, 154.0
901.834, 155.0
902.848, 155.0
903.859, 155.0
904.85, 155.0
905.861, 155.0
906.83, 155.0
907.842, 155.0
908.832, 155.0
909.844, 155.0
910.856, 156.0
911.869, 156.0
912.882, 158.0
913.827, 159.0
914.841, 159.0
915.852, 160.0
916.909, 160.0
917.831, 160.0
918.822, 161.0
919.834, 161.0
920.825, 161.0
921.859, 162.0
922.874, 162.0
923.838, 162.0
924.851, 162.0
925.864, 162.0
926.834, 162.0
927.844, 162.0
928.836, 162.0
929.823, 162.0
930.858, 162.0
931.872, 162.0
932.839, 162.0
933.851, 162.0
934.863, 162.0
935.854, 162.0
936.843, 162.0
937.834, 162.0
938.868, 162.0
939.857, 163.0
940.848, 163.0
941.839, 162.0
942.828, 162.0
943.84, 162.0
944.831, 162.0
945.82, 162.0
946.833, 162.0
947.823, 162.0
948.857, 162.0
949.894, 162.0
950.838, 162.0
951.873, 162.0
952.841, 162.0
953.829, 162.0
954.821, 162.0
955.833, 163.0
956.824, 163.0
957.88, 163.0
958.868, 163.0
959.861, 163.0
960.917, 163.0
961.84, 163.0
962.83, 163.0
963.865, 163.0
964.854, 163.0
965.844, 163.0
966.88, 163.0
967.824, 163.0
968.837, 164.0
969.895, 164.0
970.84, 164.0
971.852, 164.0
972.818, 164.0
973.876, 164.0
974.845, 164.0
975.857, 164.0
976.826, 164.0
977.86, 164.0
978.827, 164.0
979.841, 164.0
980.851, 164.0
981.818, 164.0
982.832, 165.0
983.845, 165.0
984.856, 165.0
985.915, 165.0
986.838, 165.0
987.847, 165.0
988.838, 165.0
989.829, 165.0
990.819, 165.0
991.854, 165.0
992.843, 165.0
993.88, 165.0
994.823, 165.0
995.857, 165.0
996.825, 165.0
997.839, 165.0
998.829, 165.0
999.885, 164.0
1000.831, 164.0
1001.842, 164.0
1002.946, 164.0
1003.846, 164.0
1004.836, 164.0
1005.825, 164.0
1006.86, 164.0
1007.829, 164.0
1008.841, 164.0
1009.829, 164.0
1010.843, 164.0
1011.855, 164.0
1012.823, 164.0
1013.837, 164.0
1014.848, 164.0
1015.929, 164.0
1016.829, 164.0
1017.886, 164.0
1018.875, 164.0
1019.819, 164.0
1020.877, 164.0
1021.844, 164.0
1022.858, 164.0
1023.847, 164.0
1024.882, 164.0
1025.829, 164.0
1026.862, 164.0
1027.855, 164.0
1028.843, 164.0
1029.854, 164.0
1030.845, 164.0
1031.857, 164.0
1032.825, 164.0
1033.836, 164.0
1034.85, 164.0
1035.841, 164.0
1036.852, 164.0
1037.887, 164.0
1038.832, 164.0
1039.843, 163.0
1040.834, 163.0
1041.847, 163.0
1042.836, 163.0
1043.827, 162.0
1044.839, 162.0
1045.85, 161.0
1046.841, 161.0
1047.83, 161.0
1048.822, 160.0
1049.834, 160.0
1050.823, 159.0
1051.836, 158.0
1052.826, 158.0
1053.883, 158.0
1054.897, 157.0
1055.843, 157.0
1056.876, 156.0
1057.822, 156.0
1058.833, 155.0
1059.846, 155.0
1060.836, 154.0
1061.827, 154.0
1062.837, 153.0
1063.918, 152.0
1064.909, 152.0
1065.831, 152.0
1066.821, 151.0
1067.878, 151.0
1068.846, 150.0
1069.836, 150.0
1070.826, 149.0
1071.86, 148.0
1072.827, 147.0
1073.862, 146.0
1074.829, 146.0
1075.866, 145.0
1076.833, 145.0
1077.823, 144.0
1078.835, 144.0
1079.825, 143.0
1080.859, 142.0
1081.941, 142.0
1082.84, 141.0
1083.876, 141.0
1084.821, 140.0
1085.832, 140.0
1086.845, 139.0
1087.902, 139.0
1088.825, 139.0
1089.882, 140.0
1090.85, 140.0
1091.839, 141.0
1092.853, 141.0
1093.843, 141.0
1094.854, 142.0
1095.82, 142.0
1096.858, 143.0
1097.824, 143.0
1098.881, 144.0
1099.871, 145.0
1100.861, 145.0
1101.828, 146.0
1102.842, 146.0
1103.832, 147.0
1104.866, 147.0
1105.833, 147.0
1106.824, 148.0
1107.837, 148.0
1108.848, 149.0
1109.839, 149.0
1110.83, 150.0
1111.841, 150.0
1112.831, 150.0
1113.867, 150.0
1114.991, 150.0
1115.869, 150.0
1116.882, 151.0
1117.871, 151.0
1118.861, 151.0
1119.851, 152.0
1120.841, 152.0
1121.83, 152.0
1122.889, 152.0
1123.833, 152.0
1124.825, 152.0
1125.948, 152.0
1126.871, 152.0
1127.839, 151.0
1128.828, 151.0
1129.841, 151.0
1130.832, 151.0
1131.909, 151.0
1132.9, 151.0
1133.891, 152.0
1134.859, 152.0
1135.825, 153.0
1136.837, 153.0
1137.828, 154.0
1138.841, 155.0
1139.897, 156.0
1140.842, 157.0
1141.831, 158.0
1142.845, 159.0
1143.858, 160.0
1144.892, 160.0
1145.883, 160.0
1146.851, 161.0
1147.84, 161.0
1148.83, 161.0
1149.977, 161.0
1150.855, 162.0
1151.823, 162.0
1152.857, 162.0
1153.847, 162.0
1154.837, 162.0
1155.85, 162.0
1156.884, 162.0
1157.829, 162.0
1158.819, 162.0
1159.833, 162.0
1160.889, 162.0
1161.925, 162.0
1162.847, 162.0
1163.858, 162.0
1164.826, 162.0
1165.84, 162.0
1166.829, 162.0
1167.841, 162.0
1168.855, 162.0
1169.821, 162.0
1170.881, 162.0
1171.847, 162.0
1172.881, 162.0
1173.849, 162.0
1174.839, 162.0
1175.828, 162.0
1176.841, 162.0
1177.831, 163.0
1178.82, 162.0
1179.879, 162.0
1180.89, 163.0
1181.881, 163.0
1182.871, 163.0
1183.838, 163.0
1184.828, 163.0
1185.886, 163.0
1186.83, 163.0
1187.819, 163.0
1188.855, 163.0
1189.868, 164.0
1190.881, 164.0
1191.847, 164.0
1192.86, 164.0
1193.828, 164.0
1194.865, 164.0
1195.83, 164.0
1196.819, 164.0
1197.857, 164.0
1198.869, 164.0
1199.881, 164.0
1200.87, 164.0
1201.838, 164.0
1202.827, 165.0
1203.861, 165.0
1204.83, 165.0
1205.866, 165.0
1206.856, 165.0
1207.891, 165.0
1208.835, 166.0
1209.847, 166.0
1210.836, 166.0
1211.828, 166.0
1212.862, 166.0
1213.829, 166.0
1214.819, 166.0
1215.855, 166.0
1216.891, 166.0
1217.948, 166.0
1218.847, 166.0
1219.859, 166.0
1220.827, 167.0
1221.84, 167.0
1222.828, 167.0
1223.864, 167.0
1224.899, 167.0
1225.821, 167.0
1226.832, 167.0
1227.824, 167.0
1228.835, 167.0
1229.826, 167.0
1230.838, 167.0
1231.829, 167.0
1232.886, 167.0
1233.831, 167.0
1234.845, 167.0
1235.876, 167.0
1236.891, 168.0
1237.86, 168.0
1238.826, 168.0
1239.839, 168.0
1240.851, 168.0
1241.864, 168.0
1242.876, 168.0
1243.843, 168.0
1244.835, 167.0
1245.867, 167.0
1246.836, 167.0
1247.871, 167.0
1248.838, 167.0
1249.895, 167.0
1250.842, 166.0
1251.853, 166.0
1252.842, 166.0
1253.834, 166.0
1254.846, 166.0
1255.858, 166.0
1256.826, 166.0
1257.837, 166.0
1258.828, 166.0
1259.862, 166.0
1260.852, 166.0
1261.933, 166.0
1262.832, 166.0
1263.847, 167.0
1264.835, 167.0
1265.827, 167.0
1266.86, 167.0
1267.827, 167.0
1268.862, 167.0
1269.853, 167.0
1270.844, 167.0
1271.834, 167.0
1272.844, 166.0
1273.834, 166.0
1274.847, 166.0
1275.905, 166.0
1276.849, 165.0
1277.862, 165.0
1278.875, 164.0
1279.841, 164.0
1280.855, 163.0
1281.823, 163.0
1282.856, 162.0
1283.893, 162.0
1284.881, 162.0
1285.827, 161.0
1286.861, 161.0
1287.852, 160.0
1288.842, 160.0
1289.878, 159.0
1290.822, 159.0
1291.834, 158.0
1292.824, 157.0
1293.904, 157.0
1294.826, 156.0
1295.907, 155.0
1296.829, 154.0
1297.865, 154.0
1298.83, 153.0
1299.845, 153.0
1300.834, 152.0
1301.913, 152.0
1302.905, 151.0
1303.87, 150.0
1304.861, 150.0
1305.828, 150.0
1306.841, 149.0
1307.831, 149.0
1308.819, 148.0
1309.831, 147.0
1310.825, 146.0
1311.858, 146.0
1312.871, 145.0
1313.839, 145.0
1314.873, 144.0
1315.863, 144.0
1316.899, 143.0
1317.82, 143.0
1318.832, 142.0
1319.824, 141.0
1320.857, 140.0
1321.869, 139.0
1322.838, 139.0
1323.851, 138.0
1324.839, 138.0
1325.852, 137.0
1326.82, 137.0
1327.835, 137.0
1328.822, 137.0
1329.881, 137.0
1330.846, 137.0
1331.861, 136.0
1332.85, 136.0
1333.86, 136.0
1334.851, 136.0
1335.822, 135.0
1336.855, 135.0
1337.912, 135.0
1338.834, 134.0
1339.847, 134.0
1340.86, 133.0
1341.85, 133.0
1342.839, 133.0
1343.851, 132.0
1344.843, 132.0
1345.83, 132.0
1346.822, 131.0
1347.881, 131.0
1348.868, 130.0
1349.859, 129.0
1350.827, 129.0
1351.884, 128.0
1352.874, 128.0
1353.841, 127.0
1354.898, 127.0
1355.821, 127.0
1356.835, 127.0
1357.936, 127.0
1358.859, 127.0
1359.829, 127.0
1360.861, 127.0
1361.874, 127.0
1362.842, 127.0
1363.876, 128.0
1364.821, 128.0
1365.856, 128.0
1366.846, 127.0
1367.883, 127.0
1368.871, 126.0
1369.952, 126.0
1370.941, 126.0
1371.839, 126.0
1372.877, 126.0
1373.866, 126.0
1374.855, 126.0
1375.848, 126.0
1376.836, 125.0
1377.917, 124.0
1378.907, 123.0
1380.255, 122.0
1380.887, 122.0
1381.832, 121.0
1382.867, 121.0
1383.858, 121.0
1384.937, 120.0
1385.837, 120.0
1386.826, 120.0
1387.905, 120.0
1388.85, 120.0
1389.841, 120.0
1390.831, 120.0
1391.821, 120.0
1392.855, 120.0
1393.891, 120.0
1394.836, 119.0
1395.827, 119.0
1396.906, 119.0
1397.898, 118.0
1398.841, 118.0
1399.833, 118.0
1400.822, 119.0
1401.857, 119.0
1402.846, 120.0
1403.837, 121.0
1404.825, 122.0
1405.95, 122.0
1406.851, 123.0
1407.84, 124.0
1408.831, 124.0
1409.822, 125.0
1410.991, 125.0
1411.845, 125.0
1412.837, 124.0
1413.825, 124.0
1414.951, 123.0
1415.852, 122.0
1416.839, 121.0
1417.831, 121.0
1418.822, 120.0
1419.857, 120.0
1420.892, 119.0
1421.836, 118.0
1422.827, 118.0
1423.86, 119.0
1424.852, 118.0
1425.842, 118.0
1426.875, 118.0
1427.821, 117.0
1428.855, 117.0
1429.846, 117.0
1430.881, 117.0
1431.826, 117.0
1432.86, 117.0
1433.851, 117.0
1434.841, 117.0
1435.832, 117.0
1436.864, 118.0
1437.9, 118.0
1438.845, 118.0
1439.835, 118.0
1440.824, 118.0
1441.994, 117.0
1442.85, 117.0
1443.838, 116.0
1444.829, 115.0
1445.91, 115.0
1446.899, 114.0
1447.936, 114.0
